tree
version=v4
num_class=1
num_tree_per_iteration=1
label_index=0
max_feature_idx=50
objective=regression
feature_names=Column_0 Column_1 Column_2 Column_3 Column_4 Column_5 Column_6 Column_7 Column_8 Column_9 Column_10 Column_11 Column_12 Column_13 Column_14 Column_15 Column_16 Column_17 Column_18 Column_19 Column_20 Column_21 Column_22 Column_23 Column_24 Column_25 Column_26 Column_27 Column_28 Column_29 Column_30 Column_31 Column_32 Column_33 Column_34 Column_35 Column_36 Column_37 Column_38 Column_39 Column_40 Column_41 Column_42 Column_43 Column_44 Column_45 Column_46 Column_47 Column_48 Column_49 Column_50
feature_infos=none none none [0:1] [0:1] [0:1] [0:1] [0:1] none [0:0.80000000000000004] [0:1] none [0:1] [0:1] [0:1] [0:1] [0:1] none [0:0.80000000000000004] none none [0:1] [0:1] [0:1] [0:1] [0:1] none none none [0:1] [0:1] [0:1] [0:1] [0:1] none none none [0:1] [0:1] [0:1] [0:1] [0:1] none [0:1] [0:1] none none [0:1] [0:1] [0:1] [0:1]
tree_sizes=815 831 861 859 834 863 834 866 887 870 870 838 853 837 872 841 850 837 850 855 851 850 850 850 840 856 862 838 872 881 839 824 847 859 854 859 882 858 877 869 862 896 857 860 845 897 832 833 874 830 895 858 830 834 894 860 856 895 835 862 897 860 860 861 844 872 865 880 843 875 898 872 882 844 893 891 837 871 891 861

Tree=0
num_leaves=7
num_cat=0
split_feature=9 3 13 9 9 9
split_gain=0.0130347 0.0077789 0.00646846 0.00374348 0.00204941 0.00153916
threshold=0.35000000000000009 1.0000000180025095e-35 1.0000000180025095e-35 0.22500000000000003 1.0000000180025095e-35 0.66250000000000009
decision_type=2 2 2 2 2 2
left_child=1 2 3 -1 -3 -2
right_child=5 4 -4 -5 -6 -7
leaf_value=0.30258181767055281 0.30034603663473014 0.30364278921491056 0.3000378710423886 0.30020599498502198 0.30236228238004192 0.30177980530563564
leaf_weight=7.9999999999999982 21.000000000000004 6.0000000000000018 5.9999999999999991 1.9999999999999998 7 1.9999999999999989
leaf_count=8 21 6 6 2 7 2
internal_value=0.301359 0.302063 0.301323 0.3021 0.302966 0.300472
internal_weight=52 29 16 10 13 23
internal_count=52 29 16 10 13 23
is_linear=0
shrinkage=1


Tree=1
num_leaves=7
num_cat=0
split_feature=9 3 13 9 9 14
split_gain=0.0117713 0.00703527 0.00584444 0.00338903 0.00185316 0.00141924
threshold=0.35000000000000009 1.0000000180025095e-35 1.0000000180025095e-35 0.22500000000000003 1.0000000180025095e-35 1.0000000180025095e-35
decision_type=2 2 2 2 2 2
left_child=1 2 3 -1 -3 -2
right_child=5 4 -4 -5 -6 -7
leaf_value=0.0011626262879602751 -0.00054969378463331825 0.0021716664377294595 -0.0012559606617347141 -0.0010979049728207641 0.00095401947635789992 -0.0013781992408136525
leaf_weight=7.9999999999999982 15 6.0000000000000018 5.9999999999999991 1.9999999999999998 7 8
leaf_count=8 15 6 6 2 7 8
internal_value=1.38695e-07 0.000669107 -3.41421e-05 0.000704126 0.0015283 -0.000842588
internal_weight=52 29 16 10 13 23
internal_count=52 29 16 10 13 23
is_linear=0
shrinkage=0.05


Tree=2
num_leaves=7
num_cat=0
split_feature=9 3 49 9 9 18
split_gain=0.0106347 0.00636273 0.00529169 0.00270118 0.00167571 0.00139585
threshold=0.35000000000000009 1.0000000180025095e-35 1.0000000180025095e-35 0.22500000000000003 1.0000000180025095e-35 0.55000000000000016
decision_type=2 2 2 2 2 2
left_child=1 2 3 -1 -3 -2
right_child=5 4 -4 -5 -6 -7
leaf_value=0.00094869528922052789 -0.0010840649044276862 0.0020648631587868826 -0.0013657796742193695 -0.001045623844090317 0.00090699031306299522 -0.00026306915269405754
leaf_weight=8.9999999999999982 15.000000000000002 6.0000000000000018 4.9999999999999991 1.9999999999999989 7 7.9999999999999991
leaf_count=9 15 6 5 2 7 8
internal_value=1.3238e-07 0.000635984 -3.28049e-05 0.000579938 0.00145308 -0.000800876
internal_weight=52 29 16 11 13 23
internal_count=52 29 16 11 13 23
is_linear=0
shrinkage=0.05


Tree=3
num_leaves=7
num_cat=0
split_feature=9 3 13 9 9 9
split_gain=0.00960553 0.00575531 0.00486177 0.00279849 0.00151525 0.0013014
threshold=0.35000000000000009 1.0000000180025095e-35 1.0000000180025095e-35 0.22500000000000003 1.0000000180025095e-35 0.66250000000000009
decision_type=2 2 2 2 2 2
left_child=1 2 3 -1 -3 -2
right_child=5 4 -4 -5 -6 -7
leaf_value=0.0010583634584578744 -0.00087702652479199712 0.001963312493362387 -0.0011459937233040797 -0.0009958321849505103 0.00086227954450574971 0.00043966492549294518
leaf_weight=7.9999999999999982 21.000000000000004 6.0000000000000018 5.9999999999999991 1.9999999999999998 7 1.9999999999999989
leaf_count=8 21 6 6 2 7 2
internal_value=1.41312e-07 0.000604444 -3.1619e-05 0.000641732 0.00138156 -0.000761124
internal_weight=52 29 16 10 13 23
internal_count=52 29 16 10 13 23
is_linear=0
shrinkage=0.05


Tree=4
num_leaves=7
num_cat=0
split_feature=9 3 13 9 9 14
split_gain=0.00867425 0.00520514 0.00439276 0.00253352 0.00137015 0.00124059
threshold=0.35000000000000009 1.0000000180025095e-35 1.0000000180025095e-35 0.22500000000000003 1.0000000180025095e-35 1.0000000180025095e-35
decision_type=2 2 2 2 2 2
left_child=1 2 3 -1 -3 -2
right_child=5 4 -4 -5 -6 -7
leaf_value=0.0010060986222262369 -0.00045001688829641659 0.0018667561597511411 -0.0010896334214685638 -0.00094841157745880345 0.00081977279345229472 -0.0012234317564210036
leaf_weight=7.9999999999999982 15 6.0000000000000018 5.9999999999999991 1.9999999999999998 7 8
leaf_count=8 15 6 6 2 7 8
internal_value=2.59459e-07 0.000574521 -3.03745e-05 0.000609677 0.00131356 -0.000723162
internal_weight=52 29 16 10 13 23
internal_count=52 29 16 10 13 23
is_linear=0
shrinkage=0.05


Tree=5
num_leaves=7
num_cat=0
split_feature=9 3 50 9 9 18
split_gain=0.00783673 0.00470756 0.0040079 0.00202449 0.00123895 0.00119183
threshold=0.35000000000000009 1.0000000180025095e-35 1.0000000180025095e-35 0.22500000000000003 1.0000000180025095e-35 0.55000000000000016
decision_type=2 2 2 2 2 2
left_child=1 2 -1 -4 -3 -2
right_child=5 4 3 -5 -6 -7
leaf_value=-0.0011892402384831922 -0.00094894200254274849 0.0017749484567368612 0.00082331980517195481 -0.00090324914717278921 0.00077936146941206511 -0.00019125216698021066
leaf_weight=4.9999999999999973 15.000000000000002 6.0000000000000018 8.9999999999999982 2.0000000000000009 7 7.9999999999999991
leaf_count=5 15 6 9 2 7 8
internal_value=2.44665e-07 0.00054608 -2.91763e-05 0.000504089 0.0012489 -0.000687367
internal_weight=52 29 16 11 13 23
internal_count=52 29 16 11 13 23
is_linear=0
shrinkage=0.05


Tree=6
num_leaves=7
num_cat=0
split_feature=9 3 13 9 9 14
split_gain=0.00707829 0.00425817 0.0036529 0.00209178 0.00112031 0.00110654
threshold=0.35000000000000009 1.0000000180025095e-35 1.0000000180025095e-35 0.22500000000000003 1.0000000180025095e-35 1.0000000180025095e-35
decision_type=2 2 2 2 2 2
left_child=1 2 3 -1 -3 -2
right_child=5 4 -4 -5 -6 -7
leaf_value=0.00091575694207194052 -0.00039558563113909536 0.0016876559582401488 -0.00099405412157600541 -0.00086023729194753908 0.0007409422222236302 -0.0011255082237407747
leaf_weight=7.9999999999999982 15 6.0000000000000018 5.9999999999999991 1.9999999999999998 7 8
leaf_count=8 15 6 6 2 7 8
internal_value=2.46339e-07 0.000518996 -2.81116e-05 0.000555558 0.00118743 -0.000653245
internal_weight=52 29 16 10 13 23
internal_count=52 29 16 10 13 23
is_linear=0
shrinkage=0.05


Tree=7
num_leaves=7
num_cat=0
split_feature=9 3 50 9 48 9
split_gain=0.00639488 0.00385113 0.0033162 0.00166774 0.00107571 0.00107462
threshold=0.35000000000000009 1.0000000180025095e-35 1.0000000180025095e-35 0.22500000000000003 1.0000000180025095e-35 0.66250000000000009
decision_type=2 2 2 2 2 2
left_child=1 2 -1 -4 -3 -2
right_child=5 4 3 -5 -6 -7
leaf_value=-0.0010822160242527144 -0.00072635460491303201 0.0021822860996638009 0.00074781501885749161 -0.00081927362840533897 0.00091954627544157659 0.00046810254986797063
leaf_weight=4.9999999999999973 21.000000000000004 2.0000000000000009 8.9999999999999982 2.0000000000000009 11 1.9999999999999989
leaf_count=5 21 2 9 2 11 2
internal_value=2.31055e-07 0.000493303 -2.69975e-05 0.000458076 0.00112899 -0.000620912
internal_weight=52 29 16 11 13 23
internal_count=52 29 16 11 13 23
is_linear=0
shrinkage=0.05


Tree=8
num_leaves=7
num_cat=0
split_feature=9 3 14 9 18 14
split_gain=0.00577564 0.00348542 0.00303828 0.00172724 0.00101781 0.00193277
threshold=0.35000000000000009 1.0000000180025095e-35 1.0000000180025095e-35 0.22500000000000003 0.55000000000000016 1.0000000180025095e-35
decision_type=2 2 2 2 2 2
left_child=1 2 -1 -4 5 -2
right_child=4 -3 3 -5 -6 -7
leaf_value=-0.00090694272905954612 -0.00036122351210016829 0.0010737240748152931 0.00083360524293334213 -0.00078026060613670459 -0.00013213817973011806 -0.0015196314875463972
leaf_weight=5.9999999999999973 9.0000000000000018 13.000000000000002 7.9999999999999991 2.0000000000000009 7.9999999999999991 5.9999999999999991
leaf_count=6 9 13 8 2 8 6
internal_value=3.81663e-07 0.000468972 -2.60059e-05 0.000506302 -0.000589922 -0.000831582
internal_weight=52 29 16 10 23 15
internal_count=52 29 16 10 23 15
is_linear=0
shrinkage=0.05


Tree=9
num_leaves=7
num_cat=0
split_feature=9 3 14 9 48 9
split_gain=0.00521742 0.00314967 0.00274519 0.00156369 0.000986803 0.000930662
threshold=0.35000000000000009 1.0000000180025095e-35 1.0000000180025095e-35 0.22500000000000003 1.0000000180025095e-35 0.66250000000000009
decision_type=2 2 2 2 2 2
left_child=1 2 -1 -4 -3 -2
right_child=5 4 3 -5 -6 -7
leaf_value=-0.00086233900004967353 -0.00065902030091044171 0.0020272380539349132 0.00079243957355365534 -0.00074310530354047052 0.00082078060923932892 0.00045210424633253189
leaf_weight=5.9999999999999973 21.000000000000004 2.0000000000000009 7.9999999999999991 2.0000000000000009 11 1.9999999999999989
leaf_count=6 21 2 8 2 11 2
internal_value=1.90533e-07 0.000445561 -2.49707e-05 0.000481014 0.00102045 -0.000560862
internal_weight=52 29 16 10 13 23
internal_count=52 29 16 10 13 23
is_linear=0
shrinkage=0.05


Tree=10
num_leaves=7
num_cat=0
split_feature=9 3 49 9 9 18
split_gain=0.00471261 0.00285026 0.00251235 0.00125013 0.000933472 0.000882692
threshold=0.35000000000000009 1.0000000180025095e-35 1.0000000180025095e-35 0.22500000000000003 1.0000000180025095e-35 0.55000000000000016
decision_type=2 2 2 2 2 2
left_child=1 2 3 -1 -3 -2
right_child=5 4 -4 -5 -6 -7
leaf_value=0.00064908196445385632 -0.00075789272441337523 0.0014257818521534807 -0.00094243651712495923 -0.00070771931981046998 0.0005656961076171465 -0.00010678621100974672
leaf_weight=8.9999999999999982 15.000000000000002 6.0000000000000018 4.9999999999999991 1.9999999999999989 7 7.9999999999999991
leaf_count=9 15 6 5 2 7 8
internal_value=3.56474e-07 0.000423633 -2.39746e-05 0.000398237 0.000970512 -0.000532864
internal_weight=52 29 16 11 13 23
internal_count=52 29 16 11 13 23
is_linear=0
shrinkage=0.05


Tree=11
num_leaves=7
num_cat=0
split_feature=9 3 14 9 6 48
split_gain=0.00425647 0.0025782 0.00228246 0.00129101 0.000916597 0.000862138
threshold=0.35000000000000009 1.0000000180025095e-35 1.0000000180025095e-35 0.22500000000000003 1.0000000180025095e-35 1.0000000180025095e-35
decision_type=2 2 2 2 2 2
left_child=1 2 -1 4 -4 -3
right_child=-2 5 3 -5 -6 -7
leaf_value=-0.00078662481067366316 -0.00050640757522219188 0.0018628085298197595 -0.00019855286934346487 -0.00067401839242804554 0.0010260841198509833 0.00073658427441710816
leaf_weight=5.9999999999999973 23 2.0000000000000009 1.9999999999999998 2.0000000000000009 6 11
leaf_count=6 23 2 2 2 6 11
internal_value=3.50682e-07 0.000402621 -2.30868e-05 0.000438288 0.000721253 0.000922747
internal_weight=52 29 16 10 8 13
internal_count=52 29 16 10 8 13
is_linear=0
shrinkage=0.05


Tree=12
num_leaves=7
num_cat=0
split_feature=9 3 49 9 14 18
split_gain=0.00384545 0.00233299 0.00207924 0.00103002 0.000827913 0.00209087
threshold=0.35000000000000009 1.0000000180025095e-35 1.0000000180025095e-35 0.22500000000000003 1.0000000180025095e-35 0.55000000000000016
decision_type=2 2 2 2 2 2
left_child=1 2 3 -1 -2 -6
right_child=4 -3 -4 -5 5 -7
leaf_value=0.00058966156579477334 -0.00025914536653370255 0.0008776016064158831 -0.00085767880812579519 -0.00064192232232363454 -0.0013503059134131572 0.00049253116317448135
leaf_weight=8.9999999999999982 15 13.000000000000002 4.9999999999999991 1.9999999999999989 6 1.9999999999999998
leaf_count=9 15 13 5 2 6 2
internal_value=4.7326e-07 0.000382828 -2.21291e-05 0.000361971 -0.000481197 -0.000889204
internal_weight=52 29 16 11 23 8
internal_count=52 29 16 11 23 8
is_linear=0
shrinkage=0.05


Tree=13
num_leaves=7
num_cat=0
split_feature=9 3 14 9 6 9
split_gain=0.00347252 0.00210858 0.00189826 0.00106609 0.000829318 0.000811445
threshold=0.35000000000000009 1.0000000180025095e-35 1.0000000180025095e-35 0.22500000000000003 1.0000000180025095e-35 1.0000000180025095e-35
decision_type=2 2 2 2 2 2
left_child=1 2 -1 4 -4 -3
right_child=-2 5 3 -5 -6 -7
leaf_value=-0.00071762085006740273 -0.00045737870908402775 0.0012578125585053785 -0.00021717709855043453 -0.00061135456365133984 0.00094662117390114742 0.00045823713790782742
leaf_weight=5.9999999999999973 23 6.0000000000000018 1.9999999999999998 2.0000000000000009 6 7
leaf_count=6 23 6 2 2 6 7
internal_value=3.39301e-07 0.000363681 -2.13052e-05 0.000399453 0.000656582 0.000834057
internal_weight=52 29 16 10 8 13
internal_count=52 29 16 10 8 13
is_linear=0
shrinkage=0.05


Tree=14
num_leaves=7
num_cat=0
split_feature=9 3 49 9 9 48
split_gain=0.00313628 0.00190694 0.00172039 0.000848581 0.000785523 0.00075815
threshold=0.35000000000000009 1.0000000180025095e-35 1.0000000180025095e-35 0.22500000000000003 0.66250000000000009 1.0000000180025095e-35
decision_type=2 2 2 2 2 2
left_child=1 2 3 -1 -2 -3
right_child=4 5 -4 -5 -6 -7
leaf_value=0.00053562473884405024 -0.00052495937936793634 0.0016724169476046435 -0.00078045835207198185 -0.00058224246216317021 0.00049389535117717019 0.00061948987579828977
leaf_weight=8.9999999999999982 21.000000000000004 2.0000000000000009 4.9999999999999991 1.9999999999999989 1.9999999999999989 11
leaf_count=9 21 2 5 2 2 11
internal_value=3.85584e-07 0.000345689 -2.04262e-05 0.000328962 -0.000434609 0.000793009
internal_weight=52 29 16 11 23 13
internal_count=52 29 16 11 23 13
is_linear=0
shrinkage=0.05


Tree=15
num_leaves=7
num_cat=0
split_feature=9 3 14 9 6 14
split_gain=0.00283247 0.00172606 0.00157903 0.00088042 0.000750345 0.000733598
threshold=0.35000000000000009 1.0000000180025095e-35 1.0000000180025095e-35 0.22500000000000003 1.0000000180025095e-35 1.0000000180025095e-35
decision_type=2 2 2 2 2 2
left_child=1 2 -1 4 -4 -2
right_child=5 -3 3 -5 -6 -7
leaf_value=-0.00065473240006287594 -0.00020422967804583489 0.00075423299114553974 -0.00023234125858704951 -0.00055451663432731465 0.00087372384598997758 -0.00079676258826145421
leaf_weight=5.9999999999999973 15 13.000000000000002 1.9999999999999998 2.0000000000000009 6 8
leaf_count=6 15 13 2 2 6 8
internal_value=5.03903e-07 0.000328656 -1.96617e-05 0.00036409 0.000597753 -0.000412885
internal_weight=52 29 16 10 8 23
internal_count=52 29 16 10 8 23
is_linear=0
shrinkage=0.05


Tree=16
num_leaves=7
num_cat=0
split_feature=9 3 14 9 9 18
split_gain=0.00255811 0.00155974 0.00142678 0.000797086 0.00070452 0.000716643
threshold=0.35000000000000009 1.0000000180025095e-35 1.0000000180025095e-35 0.22500000000000003 1.0000000180025095e-35 0.27500000000000008
decision_type=2 2 2 2 2 2
left_child=1 2 -1 -4 -3 -6
right_child=-2 4 3 -5 5 -7
leaf_value=-0.0006225325003052591 -0.00039245745744677141 0.0011111316652815846 0.00056826122274714313 -0.00052811107819988564 -0.00041744676196858976 0.00068410507896367236
leaf_weight=5.9999999999999973 23 6.0000000000000018 7.9999999999999991 2.0000000000000009 1.9999999999999998 5
leaf_count=6 23 6 8 2 2 5
internal_value=4.00537e-07 0.000312256 -1.8855e-05 0.000345929 0.000716809 0.000367929
internal_weight=52 29 16 10 13 7
internal_count=52 29 16 10 13 7
is_linear=0
shrinkage=0.05


Tree=17
num_leaves=7
num_cat=0
split_feature=9 3 49 5 47 43
split_gain=0.00231022 0.00141052 0.00130323 0.000697195 0.00108792 0.000702001
threshold=0.35000000000000009 1.0000000180025095e-35 1.0000000180025095e-35 1.0000000180025095e-35 1.0000000180025095e-35 1.0000000180025095e-35
decision_type=2 2 2 2 2 2
left_child=1 2 3 -1 5 -5
right_child=-2 -3 -4 4 -6 -7
leaf_value=0.001106554897324671 -0.00037291955550048034 0.000681494625697609 -0.00067958947015451458 0.00036799960258987637 0.0010923995148567922 -0.00063024281819419159
leaf_weight=1.9999999999999971 23 13.000000000000002 4.9999999999999991 3 1.9999999999999998 4
leaf_count=2 23 13 5 3 2 4
internal_value=4.19176e-07 0.000296779 -1.80931e-05 0.000286001 9.34991e-05 -0.000203267
internal_weight=52 29 16 11 9 7
internal_count=52 29 16 11 9 7
is_linear=0
shrinkage=0.05


Tree=18
num_leaves=7
num_cat=0
split_feature=9 3 49 9 48 18
split_gain=0.00208769 0.00127249 0.00118011 0.000693069 0.000669391 0.00074382
threshold=0.35000000000000009 1.0000000180025095e-35 1.0000000180025095e-35 0.66250000000000009 1.0000000180025095e-35 0.27500000000000008
decision_type=2 2 2 2 2 2
left_child=1 2 -1 -2 -3 -6
right_child=3 4 -4 -5 5 -7
leaf_value=0.00027257304844186382 -0.0004393523829322643 0.0014714990698155891 -0.00064627632644830967 0.0005165482649490947 3.3222020183708147e-05 0.00085656196795037538
leaf_weight=10.999999999999998 21.000000000000004 2.0000000000000009 4.9999999999999991 1.9999999999999989 5 6
leaf_count=11 21 2 5 2 5 6
internal_value=5.48484e-07 0.000282274 -1.6798e-05 -0.000354354 0.00064768 0.000485987
internal_weight=52 29 16 23 13 11
internal_count=52 29 16 23 13 11
is_linear=0
shrinkage=0.05


Tree=19
num_leaves=7
num_cat=0
split_feature=9 3 49 18 14 3
split_gain=0.00188616 0.00115212 0.0010669 0.000652178 0.00150854 0.00140856
threshold=0.35000000000000009 1.0000000180025095e-35 1.0000000180025095e-35 0.55000000000000016 1.0000000180025095e-35 1.0000000180025095e-35
decision_type=2 2 2 2 2 2
left_child=1 2 -1 4 -2 -5
right_child=3 -3 -4 5 -6 -7
leaf_value=0.00025906716997793936 -0.00011718569819025172 0.00061619727168488127 -0.00061459596469706182 0.00086823662727951011 -0.0011371516805813938 -0.00048322296317885899
leaf_weight=10.999999999999998 9.0000000000000018 13.000000000000002 4.9999999999999991 3 5.9999999999999991 5
leaf_count=11 9 13 5 3 6 5
internal_value=7.19228e-07 0.000268501 -1.60742e-05 -0.00033662 -0.000530001 2.80366e-05
internal_weight=52 29 16 23 15 8
internal_count=52 29 16 23 15 8
is_linear=0
shrinkage=0.05


Tree=20
num_leaves=7
num_cat=0
split_feature=47 39 18 44 9 9
split_gain=0.00173173 0.00195392 0.00202521 0.000917774 0.000938582 0.000585307
threshold=1.0000000180025095e-35 1.0000000180025095e-35 0.35000000000000009 1.0000000180025095e-35 0.35000000000000009 0.35000000000000009
decision_type=2 2 2 2 2 2
left_child=1 5 3 -3 -5 -1
right_child=-2 2 -4 4 -6 -7
leaf_value=0.00027207731810815599 0.001146756623300814 -0.00082208245016989292 -0.0012649074731180903 0.0012030694633722301 -0.00029848861907209656 -0.00013196101235433958
leaf_weight=22 2.9999999999999991 1.999999999999998 6 1.9999999999999998 1.9999999999999998 14.999999999999998
leaf_count=22 3 2 6 2 2 15
internal_value=6.24837e-07 -7.17391e-05 -0.000623363 2.84011e-05 0.000463322 0.000108364
internal_weight=52 49 12 6 4 37
internal_count=52 49 12 6 4 37
is_linear=0
shrinkage=0.05


Tree=21
num_leaves=7
num_cat=0
split_feature=47 39 18 44 9 9
split_gain=0.00156817 0.00176599 0.00183104 0.000832448 0.000851321 0.00052853
threshold=1.0000000180025095e-35 1.0000000180025095e-35 0.35000000000000009 1.0000000180025095e-35 0.35000000000000009 0.35000000000000009
decision_type=2 2 2 2 2 2
left_child=1 5 3 -3 -5 -1
right_child=-2 2 -4 4 -6 -7
leaf_value=0.00025853503925295977 0.0010912684243052238 -0.00078293565838109922 -0.0012026989267619906 0.0011457803969581917 -0.0002842748848100502 -0.00012540665679898063
leaf_weight=22 2.9999999999999991 1.999999999999998 6 1.9999999999999998 1.9999999999999998 14.999999999999998
leaf_count=22 3 2 6 2 2 15
internal_value=6.03632e-07 -6.82583e-05 -0.000592683 2.70486e-05 0.000441259 0.000102965
internal_weight=52 49 12 6 4 37
internal_count=52 49 12 6 4 37
is_linear=0
shrinkage=0.05


Tree=22
num_leaves=7
num_cat=0
split_feature=47 39 18 44 9 9
split_gain=0.00142006 0.00159613 0.00165549 0.000755055 0.000772174 0.00047726
threshold=1.0000000180025095e-35 1.0000000180025095e-35 0.35000000000000009 1.0000000180025095e-35 0.35000000000000009 0.35000000000000009
decision_type=2 2 2 2 2 2
left_child=1 5 3 -3 -5 -1
right_child=-2 2 -4 4 -6 -7
leaf_value=0.0002456667771925349 0.0010384651381642588 -0.00074565298633561287 -0.0011435498208662526 0.0010912194404573664 -0.00027073797814193215 -0.00011917786550899314
leaf_weight=22 2.9999999999999991 1.999999999999998 6 1.9999999999999998 1.9999999999999998 14.999999999999998
leaf_count=22 3 2 6 2 2 15
internal_value=5.83068e-07 -6.49463e-05 -0.000563514 2.57606e-05 0.000420247 9.78342e-05
internal_weight=52 49 12 6 4 37
internal_count=52 49 12 6 4 37
is_linear=0
shrinkage=0.05


Tree=23
num_leaves=7
num_cat=0
split_feature=47 39 18 44 9 18
split_gain=0.00128594 0.00144261 0.00149677 0.000684857 0.000700384 0.000449849
threshold=1.0000000180025095e-35 1.0000000180025095e-35 0.35000000000000009 1.0000000180025095e-35 0.35000000000000009 0.65000000000000002
decision_type=2 2 2 2 2 2
left_child=1 5 3 -3 -5 -1
right_child=-2 2 -4 4 -6 -7
leaf_value=4.0264970034393664e-05 0.00098821680031476486 -0.00071014572555820176 -0.0010873096528440163 0.0010392566078475539 -0.00025784567974153008 0.0006696016137157717
leaf_weight=34 2.9999999999999991 1.999999999999998 6 1.9999999999999998 1.9999999999999998 2.9999999999999991
leaf_count=34 3 2 6 2 2 3
internal_value=5.63159e-07 -6.17949e-05 -0.00053578 2.45339e-05 0.000400235 9.29596e-05
internal_weight=52 49 12 6 4 37
internal_count=52 49 12 6 4 37
is_linear=0
shrinkage=0.05


Tree=24
num_leaves=7
num_cat=0
split_feature=9 3 49 9 5 47
split_gain=0.00117236 0.00104393 0.00095348 0.000650104 0.00064358 0.000687556
threshold=0.35000000000000009 1.0000000180025095e-35 1.0000000180025095e-35 1.0000000180025095e-35 1.0000000180025095e-35 1.0000000180025095e-35
decision_type=2 2 2 2 2 2
left_child=1 2 4 -3 -1 -6
right_child=-2 3 -4 -5 5 -7
leaf_value=0.00098966256094475667 -0.00026535399399120241 0.00092054616858358237 -0.00062449530278350799 0.00021043716615039697 -0.0002178879189108249 0.00081198298860163875
leaf_weight=1.9999999999999971 23 6.0000000000000018 4.9999999999999991 7 7 1.9999999999999998
leaf_count=2 23 6 5 7 7 2
internal_value=6.00454e-07 0.000211717 -5.89115e-05 0.000542705 0.000201482 1.73802e-05
internal_weight=52 29 16 13 11 9
internal_count=52 29 16 13 11 9
is_linear=0
shrinkage=0.05


Tree=25
num_leaves=7
num_cat=0
split_feature=47 23 18 9 6 13
split_gain=0.00111033 0.00126523 0.00134715 0.000420991 0.00143829 0.00130349
threshold=1.0000000180025095e-35 1.0000000180025095e-35 0.35000000000000009 0.35000000000000009 1.0000000180025095e-35 1.0000000180025095e-35
decision_type=2 2 2 2 2 2
left_child=1 3 -3 4 -1 -6
right_child=-2 2 -4 -5 5 -7
leaf_value=0.00053105375883070387 0.0009184867564228273 -4.624108403501377e-06 -0.0010211742800358898 -0.00010624629197124121 0.00071276981560956863 -0.00076996603085860318
leaf_weight=14.000000000000002 2.9999999999999991 6.9999999999999982 6 14.999999999999998 1.9999999999999989 5
leaf_count=14 3 7 6 15 2 5
internal_value=7.45557e-07 -5.71989e-05 -0.000478015 9.56656e-05 0.000239708 -0.000342255
internal_weight=52 49 13 36 21 7
internal_count=52 49 13 36 21 7
is_linear=0
shrinkage=0.05


Tree=26
num_leaves=7
num_cat=0
split_feature=47 31 18 14 6 9
split_gain=0.00100542 0.00115066 0.00123147 0.000610541 0.00071967 0.00155832
threshold=1.0000000180025095e-35 1.0000000180025095e-35 0.35000000000000009 1.0000000180025095e-35 1.0000000180025095e-35 1.0000000180025095e-35
decision_type=2 2 2 2 2 2
left_child=1 3 -3 4 5 -1
right_child=-2 2 -4 -5 -6 -7
leaf_value=0.00095148437756898882 0.00087404386290619454 -2.7445627859345195e-05 -0.00097095262217259065 0.00092567517865626582 -0.00040027885337058509 -2.2782989108926169e-05
leaf_weight=5.0000000000000027 2.9999999999999991 7.9999999999999982 6 1.9999999999999989 6.9999999999999991 21
leaf_count=5 3 8 6 2 7 21
internal_value=7.33257e-07 -5.4406e-05 -0.000435824 9.89683e-05 4.62196e-05 0.000167504
internal_weight=52 49 14 35 33 26
internal_count=52 49 14 35 33 26
is_linear=0
shrinkage=0.05


Tree=27
num_leaves=7
num_cat=0
split_feature=47 23 18 43 9 18
split_gain=0.000910203 0.00105098 0.00108755 0.000622143 0.000632521 0.000411256
threshold=1.0000000180025095e-35 1.0000000180025095e-35 0.35000000000000009 1.0000000180025095e-35 0.35000000000000009 0.65000000000000002
decision_type=2 2 2 2 2 2
left_child=1 5 3 4 -3 -1
right_child=-2 2 -4 -5 -6 -7
leaf_value=3.5845073681392245e-05 0.00083175142325701249 0.0010016709233501132 -0.00092320084060374329 -0.00054413638257932257 -0.00023140427878215193 0.00063833152695048239
leaf_weight=33 2.9999999999999991 1.999999999999998 6 3 1.9999999999999998 2.9999999999999991
leaf_count=33 3 2 6 3 2 3
internal_value=8.24206e-07 -5.16393e-05 -0.000435175 -9.75533e-06 0.000394527 8.76814e-05
internal_weight=52 49 13 7 4 36
internal_count=52 49 13 7 4 36
is_linear=0
shrinkage=0.05


Tree=28
num_leaves=7
num_cat=0
split_feature=9 18 9 9 13 47
split_gain=0.000831212 0.000829032 0.00154705 0.000465587 0.000498672 0.000376646
threshold=0.35000000000000009 0.27500000000000008 1.0000000180025095e-35 0.66250000000000009 1.0000000180025095e-35 1.0000000180025095e-35
decision_type=2 2 2 2 2 2
left_child=1 5 -3 4 -2 -1
right_child=3 2 -4 -5 -6 -7
leaf_value=-5.7124247815928047e-05 -0.00037223468391414893 0.0017769367744525266 0.00019606092341671713 0.00048938970125856859 0.00044228502416184971 0.00064835134184076677
leaf_weight=19.000000000000007 19.000000000000007 1.9999999999999998 6 1.9999999999999989 1.9999999999999989 1.9999999999999989
leaf_count=19 19 2 6 2 2 2
internal_value=8.60614e-07 0.000178626 0.000608338 -0.000223081 -0.000292933 1.28182e-05
internal_weight=52 29 8 23 21 21
internal_count=52 29 8 23 21 21
is_linear=0
shrinkage=0.05


Tree=29
num_leaves=7
num_cat=0
split_feature=47 31 18 14 6 13
split_gain=0.000792777 0.00094414 0.000953182 0.000579402 0.000655914 0.00146347
threshold=1.0000000180025095e-35 1.0000000180025095e-35 0.35000000000000009 1.0000000180025095e-35 1.0000000180025095e-35 1.0000000180025095e-35
decision_type=2 2 2 2 2 2
left_child=1 3 -3 4 5 -1
right_child=-2 2 -4 -5 -6 -7
leaf_value=4.4572127941190126e-05 0.00077659459484200326 -3.3934702694324065e-05 -0.00086414906173394839 0.00089641777975928226 -0.00038653176809123289 0.0014212676545693761
leaf_weight=24.000000000000004 2.9999999999999991 7.9999999999999982 6 1.9999999999999989 6.9999999999999991 1.9999999999999989
leaf_count=24 3 8 6 2 7 2
internal_value=1.11737e-06 -4.78458e-05 -0.000393346 9.10813e-05 3.97122e-05 0.000155512
internal_weight=52 49 14 35 33 26
internal_count=52 49 14 35 33 26
is_linear=0
shrinkage=0.05


Tree=30
num_leaves=7
num_cat=0
split_feature=47 23 18 43 9 18
split_gain=0.000717571 0.000864773 0.000838019 0.000564218 0.000517579 0.000346315
threshold=1.0000000180025095e-35 1.0000000180025095e-35 0.35000000000000009 1.0000000180025095e-35 0.35000000000000009 0.65000000000000002
decision_type=2 2 2 2 2 2
left_child=1 5 3 4 -3 -1
right_child=-2 2 -4 -5 -6 -7
leaf_value=3.3460536455338452e-05 0.00073901744138809948 0.00091464038095658777 -0.00082164990990498993 -0.00052840683999801823 -0.00020104362851097464 0.00058633876183340631
leaf_weight=33 2.9999999999999991 1.999999999999998 6 3 1.9999999999999998 2.9999999999999991
leaf_count=33 3 2 6 3 2 3
internal_value=1.23945e-06 -4.53438e-05 -0.00039325 -1.9649e-05 0.000365501 8.10303e-05
internal_weight=52 49 13 7 4 36
internal_count=52 49 13 7 4 36
is_linear=0
shrinkage=0.05


Tree=31
num_leaves=7
num_cat=0
split_feature=9 3 49 48 18 5
split_gain=0.000663852 0.00079071 0.000678684 0.000574582 0.000669255 0.000538438
threshold=0.35000000000000009 1.0000000180025095e-35 1.0000000180025095e-35 1.0000000180025095e-35 0.27500000000000008 1.0000000180025095e-35
decision_type=2 2 2 2 2 2
left_child=1 2 5 -3 -5 -1
right_child=-2 3 -4 4 -6 -7
leaf_value=0.00086551567628270179 -0.00019888506922064537 0.0012084653468004284 -0.00055234708512822794 -0.0001261922375038814 0.00065199103859912768 -2.3379300818215685e-05
leaf_weight=1.9999999999999971 23 2.0000000000000009 4.9999999999999991 5 6 9
leaf_count=2 23 2 5 5 6 9
internal_value=1.2468e-06 0.00016011 -7.52881e-05 0.000448194 0.000300321 0.000144579
internal_weight=52 29 16 13 11 11
internal_count=52 29 16 13 11 11
is_linear=0
shrinkage=0.05


Tree=32
num_leaves=7
num_cat=0
split_feature=47 31 18 43 14 6
split_gain=0.000656829 0.000778379 0.000744097 0.000504676 0.000491013 0.000538605
threshold=1.0000000180025095e-35 1.0000000180025095e-35 0.35000000000000009 1.0000000180025095e-35 1.0000000180025095e-35 1.0000000180025095e-35
decision_type=2 2 2 2 2 2
left_child=1 4 3 -3 5 -1
right_child=-2 2 -4 -5 -6 -7
leaf_value=0.00014058340156193949 0.0007072205565148785 0.00035351705765805972 -0.00077289825717567415 -0.00043104199987904329 0.00082430057227611542 -0.00035060192851848169
leaf_weight=26 2.9999999999999991 3.9999999999999982 6 4 1.9999999999999989 6.9999999999999991
leaf_count=26 3 4 6 4 2 7
internal_value=1.35962e-06 -4.32087e-05 -0.000356917 -3.9241e-05 8.2934e-05 3.56481e-05
internal_weight=52 49 14 8 35 33
internal_count=52 49 14 8 35 33
is_linear=0
shrinkage=0.05


Tree=33
num_leaves=7
num_cat=0
split_feature=47 23 18 44 9 18
split_gain=0.000594726 0.000721828 0.000645387 0.000512179 0.000462345 0.000303039
threshold=1.0000000180025095e-35 1.0000000180025095e-35 0.35000000000000009 1.0000000180025095e-35 0.35000000000000009 0.65000000000000002
decision_type=2 2 2 2 2 2
left_child=1 5 3 -3 -5 -1
right_child=-2 2 -4 4 -6 -7
leaf_value=2.9890949970105624e-05 0.00067300019004652581 -0.00051543510879480082 -0.00073488685684125932 0.00085536519431376004 -0.00019883355569271806 0.00054706478371254863
leaf_weight=33 2.9999999999999991 2.9999999999999982 6 1.9999999999999998 1.9999999999999998 2.9999999999999991
leaf_count=33 3 3 6 2 2 3
internal_value=1.33685e-06 -4.10723e-05 -0.000358927 -3.08637e-05 0.000336272 7.43848e-05
internal_weight=52 49 13 7 4 36
internal_count=52 49 13 7 4 36
is_linear=0
shrinkage=0.05


Tree=34
num_leaves=7
num_cat=0
split_feature=9 18 9 13 9 6
split_gain=0.000556901 0.000716372 0.00131032 0.000381691 0.000399918 0.000298564
threshold=0.35000000000000009 0.27500000000000008 1.0000000180025095e-35 1.0000000180025095e-35 0.66250000000000009 1.0000000180025095e-35
decision_type=2 2 2 2 2 2
left_child=1 5 -3 4 -2 -1
right_child=3 2 -4 -5 -6 -7
leaf_value=0.00018954105426829374 -0.00031634364143033448 0.001621684946474574 0.00016711055125552611 0.00046277942047232674 0.00041276761995894564 -0.00018615443033988477
leaf_weight=10.000000000000004 19.000000000000007 1.9999999999999998 6 1.9999999999999989 1.9999999999999989 11
leaf_count=10 19 2 6 2 2 11
internal_value=1.33298e-06 0.000146837 0.000546286 -0.00018197 -0.000245277 -7.2014e-06
internal_weight=52 29 8 23 21 21
internal_count=52 29 8 23 21 21
is_linear=0
shrinkage=0.05


Tree=35
num_leaves=7
num_cat=0
split_feature=47 23 18 44 9 9
split_gain=0.000557069 0.000643255 0.000551485 0.000456475 0.000379091 0.000274075
threshold=1.0000000180025095e-35 1.0000000180025095e-35 0.35000000000000009 1.0000000180025095e-35 0.35000000000000009 0.35000000000000009
decision_type=2 2 2 2 2 2
left_child=1 5 3 -3 -5 -1
right_child=-2 2 -4 4 -6 -7
leaf_value=0.00018567533887590623 0.00065154296856734066 -0.00049360643606632959 -0.00068714973501494666 0.0007804542269912501 -0.00017430131611902082 -9.3438870362962131e-05
leaf_weight=21 2.9999999999999991 2.9999999999999982 6 1.9999999999999998 1.9999999999999998 14.999999999999998
leaf_count=21 3 3 6 2 2 15
internal_value=1.49201e-06 -3.95529e-05 -0.000339609 -3.62336e-05 0.000310469 6.94411e-05
internal_weight=52 49 13 7 4 36
internal_count=52 49 13 7 4 36
is_linear=0
shrinkage=0.05


Tree=36
num_leaves=7
num_cat=0
split_feature=47 31 18 14 6 13
split_gain=0.000504441 0.000588069 0.000506022 0.000478501 0.000481974 0.00128432
threshold=1.0000000180025095e-35 1.0000000180025095e-35 0.35000000000000009 1.0000000180025095e-35 1.0000000180025095e-35 1.0000000180025095e-35
decision_type=2 2 2 2 2 2
left_child=1 3 -3 4 5 -1
right_child=-2 2 -4 -5 -6 -7
leaf_value=2.0820624476567507e-05 0.00062001670800870476 -4.8117155035279326e-05 -0.00065335546444612934 0.00080385984897258741 -0.00033997737271317715 0.0013103877593364033
leaf_weight=24.000000000000004 2.9999999999999991 7.9999999999999982 6 1.9999999999999989 6.9999999999999991 1.9999999999999989
leaf_count=24 3 8 6 2 7 2
internal_value=1.43363e-06 -3.76244e-05 -0.000310299 7.20187e-05 2.53702e-05 0.000124659
internal_weight=52 49 14 35 33 26
internal_count=52 49 14 35 33 26
is_linear=0
shrinkage=0.05


Tree=37
num_leaves=7
num_cat=0
split_feature=47 23 18 44 9 18
split_gain=0.000456554 0.000537247 0.000442654 0.000428624 0.000343792 0.000262141
threshold=1.0000000180025095e-35 1.0000000180025095e-35 0.35000000000000009 1.0000000180025095e-35 0.35000000000000009 0.65000000000000002
decision_type=2 2 2 2 2 2
left_child=1 5 3 -3 -5 -1
right_child=-2 2 -4 4 -6 -7
leaf_value=2.2609768828348641e-05 0.00059001589374196146 -0.00048113555737560806 -0.00062122326306082677 0.00074558105344684497 -0.00016370995546735462 0.00050359543773435779
leaf_weight=33 2.9999999999999991 2.9999999999999982 6 1.9999999999999998 1.9999999999999998 2.9999999999999991
leaf_count=33 3 3 6 2 2 3
internal_value=1.5264e-06 -3.56318e-05 -0.000309851 -3.79706e-05 0.000298032 6.39759e-05
internal_weight=52 49 13 7 4 36
internal_count=52 49 13 7 4 36
is_linear=0
shrinkage=0.05


Tree=38
num_leaves=7
num_cat=0
split_feature=47 31 14 6 9 9
split_gain=0.00041336 0.000489755 0.000450741 0.000430502 0.00119202 0.000717587
threshold=1.0000000180025095e-35 1.0000000180025095e-35 1.0000000180025095e-35 1.0000000180025095e-35 1.0000000180025095e-35 0.35000000000000009
decision_type=2 2 2 2 2 2
left_child=1 2 3 4 -1 -5
right_child=-2 -3 -4 5 -6 -7
leaf_value=0.00080049276845124456 0.00056146674098507055 -0.000282690176700658 0.00077649806847884546 -0.00064105895124193213 -5.1492235349641306e-05 0.00046030449725332692
leaf_weight=5.0000000000000027 2.9999999999999991 13.999999999999998 1.9999999999999989 4.9999999999999991 21 1.9999999999999998
leaf_count=5 3 14 2 5 21 2
internal_value=1.50724e-06 -3.38497e-05 6.62083e-05 2.09446e-05 0.00011479 -0.000324333
internal_weight=52 49 35 33 26 7
internal_count=52 49 35 33 26 7
is_linear=0
shrinkage=0.05


Tree=39
num_leaves=7
num_cat=0
split_feature=9 18 9 13 9 18
split_gain=0.000382114 0.000681566 0.0010874 0.000318418 0.000314285 0.000260328
threshold=0.35000000000000009 0.27500000000000008 1.0000000180025095e-35 1.0000000180025095e-35 0.66250000000000009 1.0000000180025095e-35
decision_type=2 2 2 2 2 2
left_child=1 5 -3 4 -2 -1
right_child=3 2 -4 -5 -6 -7
leaf_value=3.0193320312171535e-05 -0.00027115064269633886 0.0014914897314849348 0.00016606713217667867 0.00043838524392672952 0.0003750413390142577 -0.0005563472264579365
leaf_weight=19.000000000000007 19.000000000000007 1.9999999999999998 6 1.9999999999999989 1.9999999999999989 1.9999999999999989
leaf_count=19 19 2 6 2 2 2
internal_value=1.58771e-06 0.000122113 0.000511745 -0.00015025 -0.000208123 -2.80397e-05
internal_weight=52 29 8 23 21 21
internal_count=52 29 8 23 21 21
is_linear=0
shrinkage=0.05


Tree=40
num_leaves=7
num_cat=0
split_feature=47 23 18 44 9 14
split_gain=0.000378785 0.000453488 0.000365396 0.000395447 0.000277055 0.000235519
threshold=1.0000000180025095e-35 1.0000000180025095e-35 0.35000000000000009 1.0000000180025095e-35 0.35000000000000009 1.0000000180025095e-35
decision_type=2 2 2 2 2 2
left_child=1 5 3 -3 -5 -1
right_child=-2 2 -4 4 -6 -7
leaf_value=2.7513104785217347e-05 0.00053769839747298148 -0.00046272089164103245 -0.00056701696565619004 0.00068730808700257439 -0.00012954087218358396 0.00057324614109737534
leaf_weight=34 2.9999999999999991 2.9999999999999982 6 1.9999999999999998 1.9999999999999998 1.9999999999999989
leaf_count=34 3 3 6 2 2 2
internal_value=1.66894e-06 -3.21775e-05 -0.000284117 -3.70597e-05 0.000285686 5.93356e-05
internal_weight=52 49 13 7 4 36
internal_count=52 49 13 7 4 36
is_linear=0
shrinkage=0.05


Tree=41
num_leaves=7
num_cat=0
split_feature=47 31 14 6 13 9
split_gain=0.000342933 0.000413042 0.000406007 0.000405792 0.00113942 0.000625638
threshold=1.0000000180025095e-35 1.0000000180025095e-35 1.0000000180025095e-35 1.0000000180025095e-35 1.0000000180025095e-35 0.35000000000000009
decision_type=2 2 2 2 2 2
left_child=1 2 3 4 -1 -5
right_child=-2 -3 -4 5 -6 -7
leaf_value=1.1723397514122032e-05 0.00051168074470854573 -0.00025907868200728131 0.00073545265366278941 -0.00061246323999583586 0.0012263304199136441 0.00041619958799509762
leaf_weight=24.000000000000004 2.9999999999999991 13.999999999999998 1.9999999999999989 4.9999999999999991 1.9999999999999989 1.9999999999999998
leaf_count=24 3 14 2 5 2 2
internal_value=1.64944e-06 -3.05555e-05 6.13315e-05 1.83772e-05 0.000109495 -0.000316837
internal_weight=52 49 35 33 26 7
internal_count=52 49 35 33 26 7
is_linear=0
shrinkage=0.05


Tree=42
num_leaves=7
num_cat=0
split_feature=9 18 9 13 9 6
split_gain=0.000320484 0.000634843 0.000961142 0.000261716 0.000274663 0.000237145
threshold=0.35000000000000009 0.27500000000000008 1.0000000180025095e-35 1.0000000180025095e-35 0.66250000000000009 1.0000000180025095e-35
decision_type=2 2 2 2 2 2
left_child=1 5 -3 4 -2 -1
right_child=3 2 -4 -5 -6 -7
leaf_value=0.00014273207438740836 -0.00024869357033374255 0.0014093363036712006 0.00016306311876864219 0.00039638057794599309 0.00035531379814658843 -0.00019212678112453759
leaf_weight=10.000000000000004 19.000000000000007 1.9999999999999998 6 1.9999999999999989 1.9999999999999989 11
leaf_count=10 19 2 6 2 2 11
internal_value=1.76178e-06 0.00011214 0.000488184 -0.000137294 -0.000189758 -3.27494e-05
internal_weight=52 29 8 23 21 21
internal_count=52 29 8 23 21 21
is_linear=0
shrinkage=0.05


Tree=43
num_leaves=7
num_cat=0
split_feature=47 23 18 44 9 14
split_gain=0.000323361 0.000379944 0.000302775 0.000367305 0.000225237 0.00021359
threshold=1.0000000180025095e-35 1.0000000180025095e-35 0.35000000000000009 1.0000000180025095e-35 0.35000000000000009 1.0000000180025095e-35
decision_type=2 2 2 2 2 2
left_child=1 5 3 -3 -5 -1
right_child=-2 2 -4 4 -6 -7
leaf_value=2.4061337790364546e-05 0.00049713082731731473 -0.00044534139282580843 -0.0005175335362332216 0.00063793501162546704 -9.9192628459561405e-05 0.00054375541263392989
leaf_weight=34 2.9999999999999991 2.9999999999999982 6 1.9999999999999998 1.9999999999999998 1.9999999999999989
leaf_count=34 3 3 6 2 2 2
internal_value=1.86813e-06 -2.94048e-05 -0.000260012 -3.50985e-05 0.000275941 5.43595e-05
internal_weight=52 49 13 7 4 36
internal_count=52 49 13 7 4 36
is_linear=0
shrinkage=0.05


Tree=44
num_leaves=7
num_cat=0
split_feature=47 23 18 44 18 18
split_gain=0.000292753 0.000343452 0.000273841 0.000332825 0.000214938 0.000381182
threshold=1.0000000180025095e-35 1.0000000180025095e-35 0.35000000000000009 1.0000000180025095e-35 0.65000000000000002 0.55000000000000016
decision_type=2 2 2 2 2 2
left_child=1 4 3 -3 5 -1
right_child=-2 2 -4 -5 -6 -7
leaf_value=7.7833722943009627e-05 0.00047307608709219967 -0.00042379261257367281 -0.00049208105976176141 0.00026280117908310962 0.00044978827598594852 -0.00043712356468526337
leaf_weight=29 2.9999999999999991 2.9999999999999982 6 4 2.9999999999999991 3.9999999999999991
leaf_count=29 3 3 6 4 3 4
internal_value=1.83623e-06 -2.79199e-05 -0.000247173 -3.32778e-05 5.17202e-05 1.42826e-05
internal_weight=52 49 13 7 36 33
internal_count=52 49 13 7 36 33
is_linear=0
shrinkage=0.05


Tree=45
num_leaves=7
num_cat=0
split_feature=47 31 14 6 13 9
split_gain=0.000265121 0.000317873 0.000381524 0.000355533 0.00102365 0.000586133
threshold=1.0000000180025095e-35 1.0000000180025095e-35 1.0000000180025095e-35 1.0000000180025095e-35 1.0000000180025095e-35 0.55000000000000016
decision_type=2 2 2 2 2 2
left_child=1 2 3 4 5 -1
right_child=-2 -3 -4 -5 -6 -7
leaf_value=0.00014789235403179829 0.00045018533485070351 -0.00022705649642904577 0.00070750104662563123 -0.00030134765497485873 0.0011562848286259743 -0.00041883203132291806
leaf_weight=18.000000000000007 2.9999999999999991 13.999999999999998 1.9999999999999989 6.9999999999999991 1.9999999999999989 5.9999999999999991
leaf_count=18 3 14 2 7 2 6
internal_value=1.73582e-06 -2.65812e-05 5.40273e-05 1.2405e-05 9.77078e-05 5.06125e-06
internal_weight=52 49 35 33 26 24
internal_count=52 49 35 33 26 24
is_linear=0
shrinkage=0.05


Tree=46
num_leaves=7
num_cat=0
split_feature=18 18 18 9 6 18
split_gain=0.000252166 0.000367937 0.000924033 0.000611282 0.000372989 0.00149463
threshold=0.65000000000000002 0.35000000000000009 0.27500000000000008 0.27500000000000008 1.0000000180025095e-35 0.55000000000000016
decision_type=2 2 2 2 2 2
left_child=1 2 -1 -4 -3 -6
right_child=-2 4 3 -5 5 -7
leaf_value=-5.5702182846108158e-05 0.00043914968808812484 -0.00040756795488500788 0.001320237737326395 0.00025798379807028823 -0.00056087145817511515 0.00089410587304061438
leaf_weight=26 2.9999999999999991 10.000000000000002 1.9999999999999989 4 3.9999999999999991 3
leaf_count=26 3 10 2 4 4 3
internal_value=1.79441e-06 -2.58223e-05 7.40313e-05 0.000627907 -0.000213116 6.65007e-05
internal_weight=52 49 32 6 17 7
internal_count=52 49 32 6 17 7
is_linear=0
shrinkage=0.05


Tree=47
num_leaves=7
num_cat=0
split_feature=18 18 18 9 6 18
split_gain=0.000228158 0.000332694 0.000837293 0.000554798 0.000337278 0.00135306
threshold=0.65000000000000002 0.35000000000000009 0.27500000000000008 0.27500000000000008 1.0000000180025095e-35 0.55000000000000016
decision_type=2 2 2 2 2 2
left_child=1 2 -1 -4 -3 -6
right_child=-2 4 3 -5 5 -7
leaf_value=-5.2927761299400043e-05 0.00041790049703371141 -0.00038739130025416014 0.0012573692947626114 0.00024539922227764999 -0.00053351189197245539 0.00085084267982071424
leaf_weight=26 2.9999999999999991 10.000000000000002 1.9999999999999989 4 3.9999999999999991 3
leaf_count=26 3 10 2 4 4 3
internal_value=1.88581e-06 -2.43837e-05 7.05669e-05 0.000597805 -0.000202482 6.34104e-05
internal_weight=52 49 32 6 17 7
internal_count=52 49 32 6 17 7
is_linear=0
shrinkage=0.05


Tree=48
num_leaves=7
num_cat=0
split_feature=47 3 18 9 9 9
split_gain=0.000212831 0.000283533 0.000958038 0.000857838 0.000366237 0.000738459
threshold=1.0000000180025095e-35 1.0000000180025095e-35 0.55000000000000016 1.0000000180025095e-35 0.55000000000000016 0.61250000000000016
decision_type=2 2 2 2 2 2
left_child=1 2 -1 -3 -5 -6
right_child=-2 3 -4 4 5 -7
leaf_value=-0.00025171336278725427 0.00040376201392181455 0.0006086638685865478 0.00086865308029311053 7.1989388885438857e-05 -0.00093343223054562848 0.00016238215574694253
leaf_weight=21.000000000000004 2.9999999999999991 6.0000000000000027 1.9999999999999989 14.000000000000002 2.9999999999999991 3
leaf_count=21 3 6 2 14 3 3
internal_value=1.96404e-06 -2.34081e-05 -0.000150952 8.95649e-05 -6.84182e-05 -0.000391845
internal_weight=52 49 23 26 20 6
internal_count=52 49 23 26 20 6
is_linear=0
shrinkage=0.05


Tree=49
num_leaves=7
num_cat=0
split_feature=18 18 18 9 6 18
split_gain=0.000199822 0.000286959 0.000747919 0.00049844 0.000275819 0.0011394
threshold=0.65000000000000002 0.35000000000000009 0.27500000000000008 0.27500000000000008 1.0000000180025095e-35 0.55000000000000016
decision_type=2 2 2 2 2 2
left_child=1 2 -1 -4 -3 -6
right_child=-2 4 3 -5 5 -7
leaf_value=-5.1160282163231343e-05 0.00039128024852083578 -0.0003552428921592412 0.0011889957601115817 0.00022991683629409567 -0.00049520820299754056 0.00077513952348982115
leaf_weight=26 2.9999999999999991 10.000000000000002 1.9999999999999989 4 3.9999999999999991 3
leaf_count=26 3 10 2 4 4 3
internal_value=1.95511e-06 -2.26295e-05 6.55535e-05 0.000563861 -0.000188034 5.24759e-05
internal_weight=52 49 32 6 17 7
internal_count=52 49 32 6 17 7
is_linear=0
shrinkage=0.05


Tree=50
num_leaves=7
num_cat=0
split_feature=47 31 14 6 13 9
split_gain=0.000181801 0.000257906 0.000368515 0.00033212 0.00092746 0.000457937
threshold=1.0000000180025095e-35 1.0000000180025095e-35 1.0000000180025095e-35 1.0000000180025095e-35 1.0000000180025095e-35 0.55000000000000016
decision_type=2 2 2 2 2 2
left_child=1 2 3 4 5 -1
right_child=-2 -3 -4 -5 -6 -7
leaf_value=0.00013078532300025056 0.00037337322869608483 -0.00020201238178142766 0.00069340594512011327 -0.00029296944291711278 0.001100333828833841 -0.00037014448335852295
leaf_weight=18.000000000000007 2.9999999999999991 13.999999999999998 1.9999999999999989 6.9999999999999991 1.9999999999999989 5.9999999999999991
leaf_count=18 3 14 2 7 2 6
internal_value=2.01892e-06 -2.14312e-05 5.1171e-05 1.02704e-05 9.27216e-05 4.53664e-06
internal_weight=52 49 35 33 26 24
internal_count=52 49 35 33 26 24
is_linear=0
shrinkage=0.05


Tree=51
num_leaves=7
num_cat=0
split_feature=18 9 18 3 49 48
split_gain=0.000190488 0.000245127 0.00097395 0.00056913 0.000564731 0.000442879
threshold=0.65000000000000002 1.0000000180025095e-35 0.27500000000000008 1.0000000180025095e-35 1.0000000180025095e-35 1.0000000180025095e-35
decision_type=2 2 2 2 2 2
left_child=1 2 3 4 -1 -5
right_child=-2 -3 -4 5 -6 -7
leaf_value=5.0008730986407052e-05 0.00038217804244449063 -0.00011081009870395064 0.0011340727852213951 0.00099277029567885968 -0.00067111413653303943 4.4467937832157446e-05
leaf_weight=8.0000000000000053 2.9999999999999991 30 1.9999999999999989 1.9999999999999989 3.9999999999999991 3
leaf_count=8 3 30 2 2 4 3
internal_value=2.0555e-06 -2.19483e-05 0.000118205 -7.24146e-06 -0.000193925 0.000435817
internal_weight=52 49 19 17 12 5
internal_count=52 49 19 17 12 5
is_linear=0
shrinkage=0.05


Tree=52
num_leaves=7
num_cat=0
split_feature=18 18 18 9 6 18
split_gain=0.000172336 0.000230309 0.000636981 0.00040251 0.000254627 0.00101792
threshold=0.65000000000000002 0.35000000000000009 0.27500000000000008 0.27500000000000008 1.0000000180025095e-35 0.55000000000000016
decision_type=2 2 2 2 2 2
left_child=1 2 -1 -4 -3 -6
right_child=-2 4 3 -5 5 -7
leaf_value=-4.9405460461342563e-05 0.00036368555118960723 -0.000329558440198255 0.0010800692918045182 0.00021772699362439352 -0.00045579207334213142 0.00074495598974247108
leaf_weight=26 2.9999999999999991 10.000000000000002 1.9999999999999989 4 3.9999999999999991 3
leaf_count=26 3 10 2 4 4 3
internal_value=2.12754e-06 -2.07043e-05 5.82973e-05 0.000518168 -0.000168884 6.20586e-05
internal_weight=52 49 32 6 17 7
internal_count=52 49 32 6 17 7
is_linear=0
shrinkage=0.05


Tree=53
num_leaves=7
num_cat=0
split_feature=18 18 18 9 6 18
split_gain=0.000155928 0.000208251 0.000577166 0.000365326 0.000230256 0.000921502
threshold=0.65000000000000002 0.35000000000000009 0.27500000000000008 0.27500000000000008 1.0000000180025095e-35 0.55000000000000016
decision_type=2 2 2 2 2 2
left_child=1 2 -1 -4 -3 -6
right_child=-2 4 3 -5 5 -7
leaf_value=-4.6944703788686566e-05 0.00034608786565161519 -0.00031324360164638489 0.0010286374017596245 0.00020710615691070151 -0.00043355831422093439 0.00070890970528125741
leaf_weight=26 2.9999999999999991 10.000000000000002 1.9999999999999989 4 3.9999999999999991 3
leaf_count=26 3 10 2 4 4 3
internal_value=2.17198e-06 -1.95461e-05 5.55769e-05 0.000493324 -0.000160452 5.91593e-05
internal_weight=52 49 32 6 17 7
internal_count=52 49 32 6 17 7
is_linear=0
shrinkage=0.05


Tree=54
num_leaves=7
num_cat=0
split_feature=47 31 14 6 13 9
split_gain=0.000146128 0.000236837 0.000334459 0.000275838 0.000815106 0.000408447
threshold=1.0000000180025095e-35 1.0000000180025095e-35 1.0000000180025095e-35 1.0000000180025095e-35 1.0000000180025095e-35 0.55000000000000016
decision_type=2 2 2 2 2 2
left_child=1 2 3 4 5 -1
right_child=-2 -3 -4 -5 -6 -7
leaf_value=0.00012347549817509409 0.0003351394778057452 -0.00019186813264602428 0.00066259334839525682 -0.0002645813387779283 0.0010315260761195706 -0.00034961202487227374
leaf_weight=18.000000000000007 2.9999999999999991 13.999999999999998 1.9999999999999989 6.9999999999999991 1.9999999999999989 5.9999999999999991
leaf_count=18 3 14 2 7 2 6
internal_value=2.20707e-06 -1.88176e-05 5.0752e-05 1.1781e-05 8.69149e-05 4.2437e-06
internal_weight=52 49 35 33 26 24
internal_count=52 49 35 33 26 24
is_linear=0
shrinkage=0.05


Tree=55
num_leaves=7
num_cat=0
split_feature=18 9 18 3 49 48
split_gain=0.00014919 0.000184898 0.000728489 0.000496201 0.000481588 0.000389319
threshold=0.65000000000000002 1.0000000180025095e-35 0.27500000000000008 1.0000000180025095e-35 1.0000000180025095e-35 1.0000000180025095e-35
decision_type=2 2 2 2 2 2
left_child=1 2 3 4 -1 -5
right_child=-2 -3 -4 5 -6 -7
leaf_value=4.5165855507222605e-05 0.00033862795680761337 -9.6194601178392028e-05 0.00098128306368986773 0.00093009168769986848 -0.00062077074516110305 4.1003744568555574e-05
leaf_weight=8.0000000000000053 2.9999999999999991 30 1.9999999999999989 1.9999999999999989 3.9999999999999991 3
leaf_count=8 3 30 2 2 4 3
internal_value=2.22593e-06 -1.90178e-05 0.000102706 -5.7902e-06 -0.000180109 0.000407903
internal_weight=52 49 19 17 12 5
internal_count=52 49 19 17 12 5
is_linear=0
shrinkage=0.05


Tree=56
num_leaves=7
num_cat=0
split_feature=18 9 18 3 49 48
split_gain=0.000134973 0.000167536 0.000660578 0.000449731 0.000435712 0.000353151
threshold=0.65000000000000002 1.0000000180025095e-35 0.27500000000000008 1.0000000180025095e-35 1.0000000180025095e-35 1.0000000180025095e-35
decision_type=2 2 2 2 2 2
left_child=1 2 3 4 -1 -5
right_child=-2 -3 -4 5 -6 -7
leaf_value=4.2935430821761412e-05 0.00032224273309111595 -9.1400851249583435e-05 0.00093455532831805081 0.0008858016559055873 -0.0005904890415145131 3.9019697015323938e-05
leaf_weight=8.0000000000000053 2.9999999999999991 30 1.9999999999999989 1.9999999999999989 3.9999999999999991 3
leaf_count=8 3 30 2 2 4 3
internal_value=2.27005e-06 -1.79365e-05 9.7931e-05 -5.385e-06 -0.000171341 0.00038846
internal_weight=52 49 19 17 12 5
internal_count=52 49 19 17 12 5
is_linear=0
shrinkage=0.05


Tree=57
num_leaves=7
num_cat=0
split_feature=47 31 14 6 12 9
split_gain=0.000132312 0.000236213 0.000295464 0.0001919 0.00068485 0.000375147
threshold=1.0000000180025095e-35 1.0000000180025095e-35 1.0000000180025095e-35 1.0000000180025095e-35 1.0000000180025095e-35 0.55000000000000016
decision_type=2 2 2 2 2 2
left_child=1 2 3 4 -1 -6
right_child=-2 -3 -4 -5 5 -7
leaf_value=0.00094363674344051301 0.00031910681976906718 -0.00019052600601489052 0.00062684599487554458 -0.00021539684909750042 0.00011629152345826117 -0.00033710122425261829
leaf_weight=2.0000000000000027 2.9999999999999991 13.999999999999998 1.9999999999999989 6.9999999999999991 18.000000000000004 5.9999999999999991
leaf_count=2 3 14 2 7 18 6
internal_value=2.3046e-06 -1.77019e-05 5.17737e-05 1.51323e-05 7.77853e-05 2.0149e-06
internal_weight=52 49 35 33 26 24
internal_count=52 49 35 33 26 24
is_linear=0
shrinkage=0.05


Tree=58
num_leaves=7
num_cat=0
split_feature=18 18 18 9 6 18
split_gain=0.000129434 0.000145117 0.000463968 0.000262599 0.000217041 0.000810677
threshold=0.65000000000000002 0.35000000000000009 0.27500000000000008 0.27500000000000008 1.0000000180025095e-35 0.55000000000000016
decision_type=2 2 2 2 2 2
left_child=1 2 -1 -4 -3 -6
right_child=-2 4 3 -5 5 -7
leaf_value=-4.6668175067770442e-05 0.00031564889415617914 -0.00028347963983617195 0.00089182017282361077 0.00019445846697724444 -0.00038460476846411464 0.00068704169544000766
leaf_weight=26 2.9999999999999991 10.000000000000002 1.9999999999999989 4 3.9999999999999991 3
leaf_count=26 3 10 2 4 4 3
internal_value=2.31055e-06 -1.74772e-05 4.52356e-05 0.000437722 -0.000135099 7.78802e-05
internal_weight=52 49 32 6 17 7
internal_count=52 49 32 6 17 7
is_linear=0
shrinkage=0.05


Tree=59
num_leaves=7
num_cat=0
split_feature=7 9 18 3 49 30
split_gain=0.000123465 0.000104945 0.000503488 0.000352827 0.000441382 0.000696141
threshold=1.0000000180025095e-35 1.0000000180025095e-35 0.27500000000000008 1.0000000180025095e-35 1.0000000180025095e-35 1.0000000180025095e-35
decision_type=2 2 2 2 2 2
left_child=1 2 3 4 5 -1
right_child=-2 -3 -4 -5 -6 -7
leaf_value=-0.00025870671450364867 -0.00026106080161010075 -2.9991949564804263e-05 0.00084935257300024951 0.00036142728127100897 -0.00054890108181209092 0.00086123969161971655
leaf_weight=4.0000000000000018 3.9999999999999991 31 1.9999999999999989 4.9999999999999991 4 1.9999999999999998
leaf_count=4 4 31 2 5 4 2
internal_value=2.32691e-06 2.4773e-05 0.00012423 2.25623e-05 -0.000148771 0.000122608
internal_weight=52 48 17 15 10 6
internal_count=52 48 17 15 10 6
is_linear=0
shrinkage=0.05


Tree=60
num_leaves=7
num_cat=0
split_feature=47 31 14 6 13 9
split_gain=0.000119137 0.000207866 0.000257095 0.000162502 0.000624116 0.000329477
threshold=1.0000000180025095e-35 1.0000000180025095e-35 1.0000000180025095e-35 1.0000000180025095e-35 1.0000000180025095e-35 0.35000000000000009
decision_type=2 2 2 2 2 2
left_child=1 2 3 4 -1 -5
right_child=-2 -3 -4 5 -6 -7
leaf_value=-3.5655706506454344e-07 0.0003029193969503526 -0.00017880342815299223 0.00058492847407857573 -0.00041262670214671428 0.0008985342768331368 0.00033325353814732449
leaf_weight=24.000000000000004 2.9999999999999991 13.999999999999998 1.9999999999999989 4.9999999999999991 1.9999999999999989 1.9999999999999998
leaf_count=24 3 14 2 5 2 2
internal_value=2.30397e-06 -1.66805e-05 4.84933e-05 1.43131e-05 7.19666e-05 -0.000197826
internal_weight=52 49 35 33 26 7
internal_count=52 49 35 33 26 7
is_linear=0
shrinkage=0.05


Tree=61
num_leaves=7
num_cat=0
split_feature=7 18 9 18 3 49
split_gain=0.000124408 0.00010168 0.000144612 0.000459554 0.000301817 0.000370862
threshold=1.0000000180025095e-35 0.65000000000000002 1.0000000180025095e-35 0.27500000000000008 1.0000000180025095e-35 1.0000000180025095e-35
decision_type=2 2 2 2 2 2
left_child=1 2 3 4 5 -1
right_child=-2 -3 -4 -5 -6 -7
leaf_value=0.00011352401276378598 -0.00026205608340139255 0.00030184403482464052 -6.4006137859562643e-05 0.00081317290841113963 0.00033666455762132127 -0.00050199749629671977
leaf_weight=6.0000000000000018 3.9999999999999991 2.9999999999999991 28 1.9999999999999989 4.9999999999999991 4
leaf_count=6 4 3 28 2 5 4
internal_value=2.33538e-06 2.4867e-05 5.77354e-06 0.000120407 2.32646e-05 -0.000135217
internal_weight=52 48 45 17 15 10
internal_count=52 48 45 17 15 10
is_linear=0
shrinkage=0.05


Tree=62
num_leaves=7
num_cat=0
split_feature=7 18 9 18 3 49
split_gain=0.000112627 9.20336e-05 0.000130861 0.00041691 0.000273025 0.00033551
threshold=1.0000000180025095e-35 0.65000000000000002 1.0000000180025095e-35 0.27500000000000008 1.0000000180025095e-35 1.0000000180025095e-35
decision_type=2 2 2 2 2 2
left_child=1 2 3 4 5 -1
right_child=-2 -3 -4 -5 -6 -7
leaf_value=0.00010794086084075145 -0.00024927284557190609 0.00028723867369755623 -6.0817211880632929e-05 0.00077445042275247125 0.00032016139833585309 -0.00047750952767162784
leaf_weight=6.0000000000000018 3.9999999999999991 2.9999999999999991 28 1.9999999999999989 4.9999999999999991 4
leaf_count=6 4 3 28 2 5 4
internal_value=2.28938e-06 2.37276e-05 5.56221e-06 0.000114609 2.20843e-05 -0.000128648
internal_weight=52 48 45 17 15 10
internal_count=52 48 45 17 15 10
is_linear=0
shrinkage=0.05


Tree=63
num_leaves=7
num_cat=0
split_feature=47 31 14 18 6 12
split_gain=0.000104014 0.000194419 0.000238288 0.000119375 0.000335454 0.000611251
threshold=1.0000000180025095e-35 1.0000000180025095e-35 1.0000000180025095e-35 0.27500000000000008 1.0000000180025095e-35 1.0000000180025095e-35
decision_type=2 2 2 2 2 2
left_child=1 2 3 4 5 -1
right_child=-2 -3 -4 -5 -6 -7
leaf_value=0.00085228274665063379 0.000283131240716865 -0.00017228883463874499 0.00056397631054832815 0.000101180469298231 -0.00037566880403529305 -0.00011909044508389393
leaf_weight=1.999999999999998 2.9999999999999991 13.999999999999998 1.9999999999999989 18 5.9999999999999991 7
leaf_count=2 3 14 2 18 6 7
internal_value=2.24228e-06 -1.54966e-05 4.75324e-05 1.46235e-05 -8.9227e-05 0.000103764
internal_weight=52 49 35 33 15 9
internal_count=52 49 35 33 15 9
is_linear=0
shrinkage=0.05


Tree=64
num_leaves=7
num_cat=0
split_feature=7 9 18 3 48 49
split_gain=0.000113398 8.17892e-05 0.000377297 0.000237153 0.000282513 0.000280354
threshold=1.0000000180025095e-35 1.0000000180025095e-35 0.27500000000000008 1.0000000180025095e-35 1.0000000180025095e-35 1.0000000180025095e-35
decision_type=2 2 2 2 2 2
left_child=1 2 3 5 -5 -1
right_child=-2 -3 -4 4 -6 -7
leaf_value=9.9271714313291587e-05 -0.00025018248082388467 -2.4601558144383996e-05 0.00073926487848872231 0.00074609666730144188 -9.727852058506779e-06 -0.00043589103876090626
leaf_weight=6.0000000000000018 3.9999999999999991 31 1.9999999999999989 1.9999999999999989 3 4
leaf_count=6 4 31 2 2 3 4
internal_value=2.23897e-06 2.37505e-05 0.00011155 2.35133e-05 0.000301303 -0.00011699
internal_weight=52 48 17 15 5 10
internal_count=52 48 17 15 5 10
is_linear=0
shrinkage=0.05


Tree=65
num_leaves=7
num_cat=0
split_feature=7 18 9 18 9 29
split_gain=0.000102673 8.08325e-05 0.00011149 0.000342142 0.000233496 0.000216794
threshold=1.0000000180025095e-35 0.65000000000000002 1.0000000180025095e-35 0.27500000000000008 0.27500000000000008 1.0000000180025095e-35
decision_type=2 2 2 2 2 2
left_child=1 2 3 5 -4 -1
right_child=-2 -3 4 -5 -6 -7
leaf_value=-9.2446199945501361e-05 -0.00023797845961980344 0.00026963460409352855 -0.000404332564979019 0.00070406177214213774 3.9386003629857076e-06 0.00033303653457906194
leaf_weight=11.000000000000002 3.9999999999999991 2.9999999999999991 4.0000000000000027 1.9999999999999989 24 3.9999999999999991
leaf_count=11 4 3 4 2 24 4
internal_value=2.20996e-06 2.26788e-05 5.65373e-06 0.000106306 -5.56172e-05 2.247e-05
internal_weight=52 48 45 17 28 15
internal_count=52 48 45 17 28 15
is_linear=0
shrinkage=0.05


Tree=66
num_leaves=7
num_cat=0
split_feature=47 31 14 18 6 12
split_gain=9.42568e-05 0.00017686 0.000226222 9.59714e-05 0.000276292 0.000538053
threshold=1.0000000180025095e-35 1.0000000180025095e-35 1.0000000180025095e-35 0.27500000000000008 1.0000000180025095e-35 1.0000000180025095e-35
decision_type=2 2 2 2 2 2
left_child=1 2 3 4 5 -1
right_child=-2 -3 -4 -5 -6 -7
leaf_value=0.00079762708351370872 0.00026954443854910716 -0.00016427613569403742 0.00054858061706735968 9.0930783267014587e-05 -0.00033975718542933464 -0.00011371790052680167
leaf_weight=1.999999999999998 2.9999999999999991 13.999999999999998 1.9999999999999989 18 5.9999999999999991 7
leaf_count=2 3 14 2 18 6 7
internal_value=2.15473e-06 -1.47317e-05 4.53837e-05 1.33217e-05 -7.97946e-05 9.53428e-05
internal_weight=52 49 35 33 15 9
internal_count=52 49 35 33 15 9
is_linear=0
shrinkage=0.05


Tree=67
num_leaves=7
num_cat=0
split_feature=7 47 31 50 18 6
split_gain=0.00010331 7.24603e-05 0.000106585 0.000494907 0.000121024 0.000279212
threshold=1.0000000180025095e-35 1.0000000180025095e-35 1.0000000180025095e-35 1.0000000180025095e-35 0.27500000000000008 1.0000000180025095e-35
decision_type=2 2 2 2 2 2
left_child=1 2 3 4 5 -1
right_child=-2 -3 -4 -5 -6 -7
leaf_value=7.0372593867948913e-05 -0.00023878019632453602 0.00025650197189421427 -0.00012044398155455932 0.00079579936296102552 8.6409363314221243e-05 -0.00040233303226676646
leaf_weight=8.0000000000000018 3.9999999999999991 2.9999999999999991 11.999999999999998 1.9999999999999989 18 4.9999999999999991
leaf_count=8 4 3 12 2 18 5
internal_value=2.15149e-06 2.26838e-05 6.56176e-06 5.297e-05 2.6408e-06 -0.000113121
internal_weight=52 48 45 33 31 13
internal_count=52 48 45 33 31 13
is_linear=0
shrinkage=0.05


Tree=68
num_leaves=7
num_cat=0
split_feature=7 9 18 3 48 49
split_gain=9.35094e-05 6.89904e-05 0.000312014 0.000189282 0.000252585 0.000201858
threshold=1.0000000180025095e-35 1.0000000180025095e-35 0.27500000000000008 1.0000000180025095e-35 1.0000000180025095e-35 1.0000000180025095e-35
decision_type=2 2 2 2 2 2
left_child=1 2 3 5 -5 -1
right_child=-2 -3 -4 4 -6 -7
leaf_value=8.0222286833602841e-05 -0.0002271323635174734 -2.2786519948450755e-05 0.0006730916821176098 0.0006909523092742477 -2.3274464652903611e-05 -0.00037391910829195159
leaf_weight=6.0000000000000018 3.9999999999999991 31 1.9999999999999989 1.9999999999999989 3 4
leaf_count=6 4 31 2 2 3 4
internal_value=2.08687e-06 2.1621e-05 0.000102259 2.21945e-05 0.000270363 -0.000103338
internal_weight=52 48 17 15 5 10
internal_count=52 48 17 15 5 10
is_linear=0
shrinkage=0.05


Tree=69
num_leaves=7
num_cat=0
split_feature=7 18 9 18 9 29
split_gain=8.46664e-05 6.91799e-05 9.42732e-05 0.000282941 0.000201635 0.00017498
threshold=1.0000000180025095e-35 0.65000000000000002 1.0000000180025095e-35 0.27500000000000008 0.27500000000000008 1.0000000180025095e-35
decision_type=2 2 2 2 2 2
left_child=1 2 3 5 -4 -1
right_child=-2 -3 4 -5 -6 -7
leaf_value=-8.2039421367635179e-05 -0.00021605274821745189 0.00024910937363822617 -0.00037549589277903819 0.00064103970570223671 3.898436941097285e-06 0.00030021656236452307
leaf_weight=11.000000000000002 3.9999999999999991 2.9999999999999991 4.0000000000000027 1.9999999999999989 24 3.9999999999999991
leaf_count=11 4 3 4 2 24 4
internal_value=2.05903e-06 2.06464e-05 4.89696e-06 9.74523e-05 -5.14442e-05 2.12086e-05
internal_weight=52 48 45 17 28 15
internal_count=52 48 45 17 28 15
is_linear=0
shrinkage=0.05


Tree=70
num_leaves=7
num_cat=0
split_feature=47 31 14 9 6 13
split_gain=7.74926e-05 0.000147207 0.00020435 7.21801e-05 0.000383448 0.00033281
threshold=1.0000000180025095e-35 1.0000000180025095e-35 1.0000000180025095e-35 0.55000000000000016 1.0000000180025095e-35 1.0000000180025095e-35
decision_type=2 2 2 2 2 2
left_child=1 2 3 4 5 -1
right_child=-2 -3 -4 -5 -6 -7
leaf_value=8.4697110681326306e-05 0.00024445384981170776 -0.00014973851411020488 0.00051979070884131248 -0.00013031843315127871 -0.00029796249229369353 0.00075060728981736166
leaf_weight=18.000000000000007 2.9999999999999991 13.999999999999998 1.9999999999999989 6.9999999999999991 5.9999999999999991 1.9999999999999989
leaf_count=18 3 14 2 7 6 2
internal_value=2.00605e-06 -1.33053e-05 4.15391e-05 1.10713e-05 4.94913e-05 0.000154691
internal_weight=52 49 35 33 26 20
internal_count=52 49 35 33 26 20
is_linear=0
shrinkage=0.05


Tree=71
num_leaves=7
num_cat=0
split_feature=7 18 9 18 9 5
split_gain=8.56367e-05 6.36811e-05 8.3719e-05 0.000258182 0.00018225 0.000157731
threshold=1.0000000180025095e-35 0.65000000000000002 1.0000000180025095e-35 0.27500000000000008 0.27500000000000008 1.0000000180025095e-35
decision_type=2 2 2 2 2 2
left_child=1 2 3 5 -4 -1
right_child=-2 -3 4 -5 -6 -7
leaf_value=0.00013430260114906593 -0.00021735408127580478 0.00023989343354778906 -0.00035559264204760124 0.0006120626016386918 5.0982506088313505e-06 -0.00020683247837986727
leaf_weight=10.000000000000002 3.9999999999999991 2.9999999999999991 4.0000000000000027 1.9999999999999989 24 4.9999999999999991
leaf_count=10 4 3 4 2 24 5
internal_value=2.0038e-06 2.06975e-05 5.58492e-06 9.28036e-05 -4.75111e-05 1.99742e-05
internal_weight=52 48 45 17 28 15
internal_count=52 48 45 17 28 15
is_linear=0
shrinkage=0.05


Tree=72
num_leaves=7
num_cat=0
split_feature=7 47 31 50 18 4
split_gain=7.74989e-05 6.3863e-05 8.64154e-05 0.000449675 9.5459e-05 0.000210102
threshold=1.0000000180025095e-35 1.0000000180025095e-35 1.0000000180025095e-35 1.0000000180025095e-35 0.27500000000000008 1.0000000180025095e-35
decision_type=2 2 2 2 2 2
left_child=1 2 3 4 5 -1
right_child=-2 -3 -4 -5 -6 -7
leaf_value=5.4845874762610961e-05 -0.00020675144794328915 0.00023921522792548904 -0.0001097804807080341 0.00075443594860622571 7.2813748500376774e-05 -0.00035525567135682296
leaf_weight=8.0000000000000018 3.9999999999999991 2.9999999999999991 11.999999999999998 1.9999999999999989 18 4.9999999999999991
leaf_count=8 4 3 12 2 18 5
internal_value=1.92389e-06 1.97072e-05 4.57535e-06 4.63653e-05 -1.59561e-06 -0.000104393
internal_weight=52 48 45 33 31 13
internal_count=52 48 45 33 31 13
is_linear=0
shrinkage=0.05


Tree=73
num_leaves=7
num_cat=0
split_feature=7 47 31 50 44 18
split_gain=7.01512e-05 5.78121e-05 7.81214e-05 0.000407906 0.00015968 0.0001133
threshold=1.0000000180025095e-35 1.0000000180025095e-35 1.0000000180025095e-35 1.0000000180025095e-35 1.0000000180025095e-35 0.35000000000000009
decision_type=2 2 2 2 2 2
left_child=1 2 3 -1 -4 -6
right_child=-2 -3 4 -5 5 -7
leaf_value=-1.5524142254084062e-06 -0.00019666601665227154 0.00022764028530688056 -0.00041382400424129566 0.00071851045885566798 0.00019791204977082086 -0.00015510990759175198
leaf_weight=31 3.9999999999999991 2.9999999999999991 2.9999999999999973 1.9999999999999989 4 5
leaf_count=31 4 3 3 2 4 5
internal_value=1.87084e-06 1.879e-05 4.39282e-06 4.41266e-05 -0.000104337 2.23944e-06
internal_weight=52 48 45 33 12 9
internal_count=52 48 45 33 12 9
is_linear=0
shrinkage=0.05


Tree=74
num_leaves=7
num_cat=0
split_feature=18 15 18 18 14 18
split_gain=6.55733e-05 9.84524e-05 0.000657047 0.0004795 0.000177967 0.000144339
threshold=0.65000000000000002 1.0000000180025095e-35 0.55000000000000016 0.55000000000000016 1.0000000180025095e-35 0.35000000000000009
decision_type=2 2 2 2 2 2
left_child=1 2 4 5 -1 -3
right_child=-2 3 -4 -5 -6 -7
leaf_value=6.7584003456196357e-05 0.00022483754512523451 4.0968519052902186e-05 -0.00076212343429365472 0.00064157389645134251 -0.00033943363720731392 -0.00029136559062796399
leaf_weight=20.000000000000007 2.9999999999999991 16.000000000000007 2.9999999999999991 2.9999999999999991 2.9999999999999991 3.9999999999999991
leaf_count=20 3 16 3 3 3 4
internal_value=1.81346e-06 -1.22712e-05 -7.87888e-05 6.29382e-05 1.32552e-05 -2.66172e-05
internal_weight=52 49 26 23 23 20
internal_count=52 49 26 23 23 20
is_linear=0
shrinkage=0.05


Tree=75
num_leaves=7
num_cat=0
split_feature=18 15 18 18 14 18
split_gain=5.9405e-05 8.92269e-05 0.00059487 0.000434246 0.000161084 0.00013057
threshold=0.65000000000000002 1.0000000180025095e-35 0.55000000000000016 0.55000000000000016 1.0000000180025095e-35 0.35000000000000009
decision_type=2 2 2 2 2 2
left_child=1 2 4 5 -1 -3
right_child=-2 3 -4 -5 -6 -7
leaf_value=6.4221614466711326e-05 0.00021395831549119565 3.8932831653792205e-05 -0.00072524648520254321 0.00061053002343302784 -0.00032300942937933631 -0.00027715261434999911
leaf_weight=20.000000000000007 2.9999999999999991 16.000000000000007 2.9999999999999991 2.9999999999999991 2.9999999999999991 3.9999999999999991
leaf_count=20 3 16 3 3 3 4
internal_value=1.68268e-06 -1.17231e-05 -7.50475e-05 5.9876e-05 1.25336e-05 -2.53486e-05
internal_weight=52 49 26 23 23 20
internal_count=52 49 26 23 23 20
is_linear=0
shrinkage=0.05


Tree=76
num_leaves=7
num_cat=0
split_feature=18 18 18 6 18 9
split_gain=5.3817e-05 8.17373e-05 0.000225716 0.000193705 0.000503323 0.000362927
threshold=0.65000000000000002 0.35000000000000009 0.27500000000000008 1.0000000180025095e-35 0.55000000000000016 0.55000000000000016
decision_type=2 2 2 2 2 2
left_child=1 2 -1 5 -5 -3
right_child=-2 3 -4 4 -6 -7
leaf_value=-2.8254556876849881e-05 0.00020360549341046042 -3.9683664742280046e-05 0.00030961086149098449 -0.00026363299069244689 0.00058098823853558099 -0.00069015389007906741
leaf_weight=26 2.9999999999999991 7.0000000000000018 5.9999999999999991 3.9999999999999991 3 3
leaf_count=26 3 7 6 4 3 3
internal_value=1.56039e-06 -1.11992e-05 3.58624e-05 -9.94774e-05 0.000101432 -0.000239726
internal_weight=52 49 32 17 7 10
internal_count=52 49 32 17 7 10
is_linear=0
shrinkage=0.05


Tree=77
num_leaves=7
num_cat=0
split_feature=15 18 9 9 14 18
split_gain=4.87509e-05 0.00035397 0.000202681 0.00032465 0.000157727 0.000108495
threshold=1.0000000180025095e-35 0.55000000000000016 0.55000000000000016 0.61250000000000016 1.0000000180025095e-35 0.35000000000000009
decision_type=2 2 2 2 2 2
left_child=2 5 4 -4 -1 -2
right_child=1 -3 3 -5 -6 -7
leaf_value=7.7372344456316501e-05 3.7352938781386102e-05 0.00055287592113018036 -0.00065675930630776196 7.074257366419317e-05 -0.00030582844309749144 -0.00025077283427846144
leaf_weight=20.000000000000007 16.000000000000007 2.9999999999999991 2.9999999999999991 3 2.9999999999999991 3.9999999999999991
leaf_count=20 16 3 3 3 3 4
internal_value=1.48931e-06 5.57199e-05 -4.15648e-05 -0.000297812 2.62821e-05 -2.12331e-05
internal_weight=52 23 29 6 23 20
internal_count=52 23 29 6 23 20
is_linear=0
shrinkage=0.05


Tree=78
num_leaves=7
num_cat=0
split_feature=18 15 18 18 23 9
split_gain=4.70193e-05 7.03242e-05 0.00043845 0.000320566 0.000128311 9.94858e-05
threshold=0.65000000000000002 1.0000000180025095e-35 0.55000000000000016 0.55000000000000016 1.0000000180025095e-35 0.22500000000000003
decision_type=2 2 2 2 2 2
left_child=1 2 4 5 -1 -3
right_child=-2 3 -4 -5 -6 -7
leaf_value=5.4567615879208426e-05 0.00019022364980511127 7.0670168136808336e-05 -0.0006249807174167326 0.00052612386043033297 -0.00029103028317612991 -0.00015575595377559235
leaf_weight=20.000000000000007 2.9999999999999991 12.000000000000005 2.9999999999999991 2.9999999999999991 2.9999999999999991 7.9999999999999991
leaf_count=20 3 12 3 3 3 8
internal_value=1.36925e-06 -1.05571e-05 -6.67749e-05 5.30073e-05 8.4249e-06 -2.02246e-05
internal_weight=52 49 26 23 23 20
internal_count=52 49 26 23 23 20
is_linear=0
shrinkage=0.05


Tree=79
num_leaves=7
num_cat=0
split_feature=31 14 18 18 44 47
split_gain=4.38633e-05 0.000193302 0.000102295 0.000143411 9.29704e-05 7.39001e-05
threshold=1.0000000180025095e-35 1.0000000180025095e-35 0.55000000000000016 0.35000000000000009 1.0000000180025095e-35 1.0000000180025095e-35
decision_type=2 2 2 2 2 2
left_child=1 -1 3 4 5 -2
right_child=2 -3 -4 -5 -6 -7
leaf_value=3.6566447377981467e-06 -0.00024530307174001513 0.00049840563553429787 0.00026322054188875928 -0.0003252933167067229 0.00018463260094882215 0.00012091211309390403
leaf_weight=33 4.0000000000000018 1.9999999999999989 1.9999999999999989 4.9999999999999991 4 1.9999999999999998
leaf_count=33 4 2 2 5 4 2
internal_value=1.2787e-06 3.32674e-05 -6.43898e-05 -0.000109525 5.11535e-07 -0.00012325
internal_weight=52 35 17 15 10 6
internal_count=52 35 17 15 10 6
is_linear=0
shrinkage=0.05


end of trees

feature_importances:
Column_9=121
Column_18=106
Column_47=35
Column_14=33
Column_3=32
Column_6=28
Column_13=18
Column_31=18
Column_49=17
Column_44=12
Column_7=11
Column_48=11
Column_23=10
Column_50=5
Column_5=4
Column_15=4
Column_39=4
Column_43=4
Column_12=3
Column_29=2
Column_4=1
Column_30=1

parameters:
[boosting: gbdt]
[objective: regression]
[metric: l1]
[tree_learner: serial]
[device_type: cpu]
[data_sample_strategy: bagging]
[data: ]
[valid: ]
[num_iterations: 80]
[learning_rate: 0.05]
[num_leaves: 7]
[num_threads: 2]
[seed: 0]
[deterministic: 0]
[force_col_wise: 0]
[force_row_wise: 0]
[histogram_pool_size: -1]
[max_depth: -1]
[min_data_in_leaf: 2]
[min_sum_hessian_in_leaf: 0.001]
[bagging_fraction: 1]
[pos_bagging_fraction: 1]
[neg_bagging_fraction: 1]
[bagging_freq: 0]
[bagging_seed: 3]
[bagging_by_query: 0]
[feature_fraction: 1]
[feature_fraction_bynode: 1]
[feature_fraction_seed: 2]
[extra_trees: 0]
[extra_seed: 6]
[early_stopping_round: 0]
[early_stopping_min_delta: 0]
[first_metric_only: 0]
[max_delta_step: 0]
[lambda_l1: 0]
[lambda_l2: 0.1]
[linear_lambda: 0]
[min_gain_to_split: 0]
[drop_rate: 0.1]
[max_drop: 50]
[skip_drop: 0.5]
[xgboost_dart_mode: 0]
[uniform_drop: 0]
[drop_seed: 4]
[top_rate: 0.2]
[other_rate: 0.1]
[min_data_per_group: 100]
[max_cat_threshold: 32]
[cat_l2: 10]
[cat_smooth: 10]
[max_cat_to_onehot: 4]
[top_k: 20]
[monotone_constraints: ]
[monotone_constraints_method: basic]
[monotone_penalty: 0]
[feature_contri: ]
[forcedsplits_filename: ]
[refit_decay_rate: 0.9]
[cegb_tradeoff: 1]
[cegb_penalty_split: 0]
[cegb_penalty_feature_lazy: ]
[cegb_penalty_feature_coupled: ]
[path_smooth: 0]
[interaction_constraints: ]
[verbosity: -1]
[saved_feature_importance_type: 0]
[use_quantized_grad: 0]
[num_grad_quant_bins: 4]
[quant_train_renew_leaf: 0]
[stochastic_rounding: 1]
[linear_tree: 0]
[max_bin: 255]
[max_bin_by_feature: ]
[min_data_in_bin: 3]
[bin_construct_sample_cnt: 200000]
[data_random_seed: 1]
[is_enable_sparse: 1]
[enable_bundle: 1]
[use_missing: 1]
[zero_as_missing: 0]
[feature_pre_filter: 0]
[pre_partition: 0]
[two_round: 0]
[header: 0]
[label_column: ]
[weight_column: ]
[group_column: ]
[ignore_column: ]
[categorical_feature: ]
[forcedbins_filename: ]
[precise_float_parser: 0]
[parser_config_file: ]
[objective_seed: 5]
[num_class: 1]
[is_unbalance: 0]
[scale_pos_weight: 1]
[sigmoid: 1]
[boost_from_average: 1]
[reg_sqrt: 0]
[alpha: 0.9]
[fair_c: 1]
[poisson_max_delta_step: 0.7]
[tweedie_variance_power: 1.5]
[lambdarank_truncation_level: 30]
[lambdarank_norm: 1]
[label_gain: ]
[lambdarank_position_bias_regularization: 0]
[eval_at: ]
[multi_error_top_k: 1]
[auc_mu_weights: ]
[num_machines: 1]
[local_listen_port: 12400]
[time_out: 120]
[machine_list_filename: ]
[machines: ]
[gpu_platform_id: -1]
[gpu_device_id: -1]
[gpu_use_dp: 0]
[num_gpu: 1]

end of parameters

pandas_categorical:null
