tree
version=v4
num_class=1
num_tree_per_iteration=1
label_index=0
max_feature_idx=59
objective=regression
feature_names=Column_0 Column_1 Column_2 Column_3 Column_4 Column_5 Column_6 Column_7 Column_8 Column_9 Column_10 Column_11 Column_12 Column_13 Column_14 Column_15 Column_16 Column_17 Column_18 Column_19 Column_20 Column_21 Column_22 Column_23 Column_24 Column_25 Column_26 Column_27 Column_28 Column_29 Column_30 Column_31 Column_32 Column_33 Column_34 Column_35 Column_36 Column_37 Column_38 Column_39 Column_40 Column_41 Column_42 Column_43 Column_44 Column_45 Column_46 Column_47 Column_48 Column_49 Column_50 Column_51 Column_52 Column_53 Column_54 Column_55 Column_56 Column_57 Column_58 Column_59
feature_infos=none none none [0:1] [0:1] [0:1] [0:1] [0:1] none [0:0.625] [0:1] none [0:1] [0:1] [0:1] [0:1] [0:1] none [0:0.59999999999999998] none none [0:1] [0:1] [0:1] [0:1] [0:1] none none none [0:1] [0:1] [0:1] [0:1] [0:1] none none none [0:1] [0:1] [0:1] [0:1] [0:1] none [0:1] [0:1] none [0:1] [0:1] [0:1] [0:1] [0:1] [0:1] none none none none [0:1] [0:1] [0:1] [0:1]
tree_sizes=734 752 750 754 744 745 746 745 748 743 743 741 739 739 741 741 743 742 742 743 741 744 741 743 738 741 748 744 744 744 750 742 752 748 749 752 747 747 750 749 753 746 748 749 751 753 755 751 743 764 746 764 766 752 752 749 762 749 769 756 750 747 746 749 749 752 748 771 759 744 782 761 743 758 795 758 747 740 751 756

Tree=0
num_leaves=7
num_cat=0
split_feature=51 46 57 59 48 49
split_gain=2.84915e+06 2.42817e+06 1.49874e+06 372333 203781 101021
threshold=1.0000000180025095e-35 1.0000000180025095e-35 1.0000000180025095e-35 1.0000000180025095e-35 1.0000000180025095e-35 1.0000000180025095e-35
decision_type=2 2 2 2 2 2
left_child=1 3 4 -1 5 -3
right_child=-2 2 -4 -5 -6 -7
leaf_value=466.54687426523321 444.62408845630927 460.5154415751939 446.13155114287645 463.73962555881849 463.39588224046696 457.64080427899836
leaf_weight=330 20 92 20 184 46 46
leaf_count=33 2 92 2 184 46 46
internal_value=463.191 463.71 459.096 465.542 460.514 459.554
internal_weight=738 718 204 514 184 138
internal_count=405 403 186 217 184 138
is_linear=0
shrinkage=1


Tree=1
num_leaves=7
num_cat=0
split_feature=51 46 57 59 50 49
split_gain=2.57262e+06 2.19189e+06 1.35341e+06 336039 202998 377078
threshold=1.0000000180025095e-35 1.0000000180025095e-35 1.0000000180025095e-35 1.0000000180025095e-35 1.0000000180025095e-35 1.0000000180025095e-35
decision_type=2 2 2 2 2 2
left_child=1 3 4 -1 5 -3
right_child=-2 2 -4 -5 -6 -7
leaf_value=3.1883264245209784 -17.642988669931594 0.26699978177891753 -16.210525133123443 0.5214042065261435 -5.4165129092665403 -5.2730926215777947
leaf_weight=330 20 92 20 184 46 46
leaf_count=33 2 92 2 184 46 46
internal_value=-0.000269198 0.49356 -3.89041 2.23392 -2.54318 -1.58218
internal_weight=738 718 204 514 184 138
internal_count=405 403 186 217 184 138
is_linear=0
shrinkage=0.05


Tree=2
num_leaves=7
num_cat=0
split_feature=51 46 57 59 50 49
split_gain=2.32293e+06 1.97865e+06 1.22215e+06 303284 183247 340389
threshold=1.0000000180025095e-35 1.0000000180025095e-35 1.0000000180025095e-35 1.0000000180025095e-35 1.0000000180025095e-35 1.0000000180025095e-35
decision_type=2 2 2 2 2 2
left_child=1 3 4 -1 5 -3
right_child=-2 2 -4 -5 -6 -7
leaf_value=3.028958500605285 -16.76522903062811 0.2536642904616852 -15.404030871035449 0.49534815488335626 -5.1462748066205002 -5.010010212465895
leaf_weight=330 20 92 20 184 46 46
leaf_count=33 2 92 2 184 46 46
internal_value=-0.000530532 0.468722 -3.69654 2.12226 -2.41631 -1.50325
internal_weight=738 718 204 514 184 138
internal_count=405 403 186 217 184 138
is_linear=0
shrinkage=0.05


Tree=3
num_leaves=7
num_cat=0
split_feature=51 46 57 59 50 49
split_gain=2.09748e+06 1.78616e+06 1.10363e+06 273721 165417 307269
threshold=1.0000000180025095e-35 1.0000000180025095e-35 1.0000000180025095e-35 1.0000000180025095e-35 1.0000000180025095e-35 1.0000000180025095e-35
decision_type=2 2 2 2 2 2
left_child=1 3 4 -1 5 -3
right_child=-2 2 -4 -5 -6 -7
leaf_value=2.8775563440840015 -15.931137768190297 0.24099484636133842 -14.637661302860696 0.47059418493350647 -4.8895190522365617 -4.7600531091917615
leaf_weight=330 20 92 20 184 46 46
leaf_count=33 2 92 2 184 46 46
internal_value=-0.000765173 0.445135 -3.51233 2.01618 -2.29576 -1.42826
internal_weight=738 718 204 514 184 138
internal_count=405 403 186 217 184 138
is_linear=0
shrinkage=0.05


Tree=4
num_leaves=7
num_cat=0
split_feature=51 46 57 59 50 49
split_gain=1.8939e+06 1.61239e+06 996603 247040 149322 277372
threshold=1.0000000180025095e-35 1.0000000180025095e-35 1.0000000180025095e-35 1.0000000180025095e-35 1.0000000180025095e-35 1.0000000180025095e-35
decision_type=2 2 2 2 2 2
left_child=1 3 4 -1 5 -3
right_child=-2 2 -4 -5 -6 -7
leaf_value=2.733722075445296 -15.138543124222636 0.22895818929330536 -13.909419576920087 0.4470772699193421 -4.6455734319128341 -4.5225666070967074
leaf_weight=330 20 92 20 184 46 46
leaf_count=33 2 92 2 184 46 46
internal_value=-0.000975036 0.422734 -3.3373 1.9154 -2.18123 -1.35701
internal_weight=738 718 204 514 184 138
internal_count=405 403 186 217 184 138
is_linear=0
shrinkage=0.05


Tree=5
num_leaves=7
num_cat=0
split_feature=51 46 57 59 50 49
split_gain=1.71009e+06 1.45552e+06 899954 222959 134793 250384
threshold=1.0000000180025095e-35 1.0000000180025095e-35 1.0000000180025095e-35 1.0000000180025095e-35 1.0000000180025095e-35 1.0000000180025095e-35
decision_type=2 2 2 2 2 2
left_child=1 3 4 -1 5 -3
right_child=-2 2 -4 -5 -6 -7
leaf_value=2.5970774190926402 -14.385382657027362 0.21752271227676112 -13.217408441192475 0.42473554637107047 -4.4137988473226093 -4.2969287367549738
leaf_weight=330 20 92 20 184 46 46
leaf_count=33 2 92 2 184 46 46
internal_value=-0.00116208 0.40146 -3.171 1.81966 -2.07241 -1.28932
internal_weight=738 718 204 514 184 138
internal_count=405 403 186 217 184 138
is_linear=0
shrinkage=0.05


Tree=6
num_leaves=7
num_cat=0
split_feature=51 46 57 59 50 49
split_gain=1.54411e+06 1.31392e+06 812677 201226 121678 226022
threshold=1.0000000180025095e-35 1.0000000180025095e-35 1.0000000180025095e-35 1.0000000180025095e-35 1.0000000180025095e-35 1.0000000180025095e-35
decision_type=2 2 2 2 2 2
left_child=1 3 4 -1 5 -3
right_child=-2 2 -4 -5 -6 -7
leaf_value=2.4672629129016301 -13.669691095304726 0.20665837758009392 -12.559825384794776 0.40351029209052014 -4.1935874128031365 -4.0825483607625239
leaf_weight=330 20 92 20 184 46 46
leaf_count=33 2 92 2 184 46 46
internal_value=-0.00132797 0.381257 -3.01298 1.72871 -1.96902 -1.225
internal_weight=738 718 204 514 184 138
internal_count=405 403 186 217 184 138
is_linear=0
shrinkage=0.05


Tree=7
num_leaves=7
num_cat=0
split_feature=51 46 57 59 50 49
split_gain=1.39424e+06 1.1861e+06 733865 181612 109839 204031
threshold=1.0000000180025095e-35 1.0000000180025095e-35 1.0000000180025095e-35 1.0000000180025095e-35 1.0000000180025095e-35 1.0000000180025095e-35
decision_type=2 2 2 2 2 2
left_child=1 3 4 -1 5 -3
right_child=-2 2 -4 -5 -6 -7
leaf_value=2.3439372009813551 -12.989607625932834 0.19633667852151149 -11.934958994092041 0.38334575054245373 -3.9843628359978731 -3.8788636511680625
leaf_weight=330 20 92 20 184 46 46
leaf_count=33 2 92 2 184 46 46
internal_value=-0.00147446 0.36207 -2.86284 1.6423 -1.87079 -1.16389
internal_weight=738 718 204 514 184 138
internal_count=405 403 186 217 184 138
is_linear=0
shrinkage=0.05


Tree=8
num_leaves=7
num_cat=0
split_feature=51 46 57 59 50 49
split_gain=1.25892e+06 1.0707e+06 662696 163909 99151.8 184179
threshold=1.0000000180025095e-35 1.0000000180025095e-35 1.0000000180025095e-35 1.0000000180025095e-35 1.0000000180025095e-35 1.0000000180025095e-35
decision_type=2 2 2 2 2 2
left_child=1 3 4 -1 5 -3
right_child=-2 2 -4 -5 -6 -7
leaf_value=2.2267757740500334 -12.343358889148009 0.18653050048861264 -11.341180450287624 0.36418888686727668 -3.7855769920762863 -3.6853413281885512
leaf_weight=330 20 92 20 184 46 46
leaf_count=33 2 92 2 184 46 46
internal_value=-0.00160311 0.343849 -2.72017 1.56021 -1.77746 -1.10583
internal_weight=738 718 204 514 184 138
internal_count=405 403 186 217 184 138
is_linear=0
shrinkage=0.05


Tree=9
num_leaves=7
num_cat=0
split_feature=51 46 57 59 50 49
split_gain=1.13674e+06 966540 598428 147932 89504.4 166258
threshold=1.0000000180025095e-35 1.0000000180025095e-35 1.0000000180025095e-35 1.0000000180025095e-35 1.0000000180025095e-35 1.0000000180025095e-35
decision_type=2 2 2 2 2 2
left_child=1 3 4 -1 5 -3
right_child=-2 2 -4 -5 -6 -7
leaf_value=2.1154706874640556 -11.729261407804726 0.17721410974229201 -10.776942314793221 0.34598932157451212 -3.5967087321581399 -3.5014739957135053
leaf_weight=330 20 92 20 184 46 46
leaf_count=33 2 92 2 184 46 46
internal_value=-0.0017152 0.326545 -2.58462 1.48223 -1.68878 -1.05066
internal_weight=738 718 204 514 184 138
internal_count=405 403 186 217 184 138
is_linear=0
shrinkage=0.05


Tree=10
num_leaves=7
num_cat=0
split_feature=51 46 57 59 50 49
split_gain=1.02641e+06 872509 540394 133512 80795.8 150082
threshold=1.0000000180025095e-35 1.0000000180025095e-35 1.0000000180025095e-35 1.0000000180025095e-35 1.0000000180025095e-35 1.0000000180025095e-35
decision_type=2 2 2 2 2 2
left_child=1 3 4 -1 5 -3
right_child=-2 2 -4 -5 -6 -7
leaf_value=2.0097292368789761 -11.145715514225746 0.16836302454839183 -10.240776099968905 0.32869925698399999 -3.4172633702739463 -3.32678006683151
leaf_weight=330 20 92 20 184 46 46
leaf_count=33 2 92 2 184 46 46
internal_value=-0.00181208 0.310112 -2.45582 1.40814 -1.60453 -0.99825
internal_weight=738 718 204 514 184 138
internal_count=405 403 186 217 184 138
is_linear=0
shrinkage=0.05


Tree=11
num_leaves=7
num_cat=0
split_feature=51 46 57 59 50 49
split_gain=926788 787625 487987 120498 72934.4 135479
threshold=1.0000000180025095e-35 1.0000000180025095e-35 1.0000000180025095e-35 1.0000000180025095e-35 1.0000000180025095e-35 1.0000000180025095e-35
decision_type=2 2 2 2 2 2
left_child=1 3 4 -1 5 -3
right_child=-2 2 -4 -5 -6 -7
leaf_value=1.9092731862962335 -10.591202920942164 0.15995401194183628 -9.7312846776857906 0.31227320681959964 -3.2467707387795937 -3.1608018523441737
leaf_weight=330 20 92 20 184 46 46
leaf_count=33 2 92 2 184 46 46
internal_value=-0.00189508 0.294506 -2.33345 1.33776 -1.52448 -0.948452
internal_weight=738 718 204 514 184 138
internal_count=405 403 186 217 184 138
is_linear=0
shrinkage=0.05


Tree=12
num_leaves=7
num_cat=0
split_feature=51 46 57 59 50 49
split_gain=836837 711000 440663 108752 65838 122297
threshold=1.0000000180025095e-35 1.0000000180025095e-35 1.0000000180025095e-35 1.0000000180025095e-35 1.0000000180025095e-35 1.0000000180025095e-35
decision_type=2 2 2 2 2 2
left_child=1 3 4 -1 5 -3
right_child=-2 2 -4 -5 -6 -7
leaf_value=1.8138384294668786 -10.064277610968595 0.15196499501908126 -9.2471410646960503 0.29666801796601816 -3.0847844601711842 -3.0031045512366967
leaf_weight=330 20 92 20 184 46 46
leaf_count=33 2 92 2 184 46 46
internal_value=-0.00196528 0.279684 -2.21716 1.27089 -1.44843 -0.901138
internal_weight=738 718 204 514 184 138
internal_count=405 403 186 217 184 138
is_linear=0
shrinkage=0.05


Tree=13
num_leaves=7
num_cat=0
split_feature=51 46 57 59 50 49
split_gain=755616 641830 397928 98151.5 59432.1 110397
threshold=1.0000000180025095e-35 1.0000000180025095e-35 1.0000000180025095e-35 1.0000000180025095e-35 1.0000000180025095e-35 1.0000000180025095e-35
decision_type=2 2 2 2 2 2
left_child=1 3 4 -1 5 -3
right_child=-2 2 -4 -5 -6 -7
leaf_value=1.7231740885090012 -9.563566445118159 0.144374993301111 -8.7870847787430044 0.28184272542328759 -2.9308798535526961 -2.8532750591021561
leaf_weight=330 20 92 20 184 46 46
leaf_count=33 2 92 2 184 46 46
internal_value=-0.00202368 0.265609 -2.10668 1.20737 -1.37617 -0.856184
internal_weight=738 718 204 514 184 138
internal_count=405 403 186 217 184 138
is_linear=0
shrinkage=0.05


Tree=14
num_leaves=7
num_cat=0
split_feature=51 46 57 59 50 49
split_gain=682278 579389 359337 88584.1 53649.4 99655.9
threshold=1.0000000180025095e-35 1.0000000180025095e-35 1.0000000180025095e-35 1.0000000180025095e-35 1.0000000180025095e-35 1.0000000180025095e-35
decision_type=2 2 2 2 2 2
left_child=1 3 4 -1 5 -3
right_child=-2 2 -4 -5 -6 -7
leaf_value=1.6370414310930279 -9.0877673400575247 0.13716408380597475 -8.3499160690687173 0.26775820523354754 -2.784653661566546 -2.7109207848406149
leaf_weight=330 20 92 20 184 46 46
leaf_count=33 2 92 2 184 46 46
internal_value=-0.00207146 0.252242 -2.0017 1.14702 -1.30751 -0.813473
internal_weight=738 718 204 514 184 138
internal_count=405 403 186 217 184 138
is_linear=0
shrinkage=0.05


Tree=15
num_leaves=7
num_cat=0
split_feature=51 46 57 59 50 49
split_gain=616059 523022 324489 79949.3 48429.4 89959.5
threshold=1.0000000180025095e-35 1.0000000180025095e-35 1.0000000180025095e-35 1.0000000180025095e-35 1.0000000180025095e-35 1.0000000180025095e-35
decision_type=2 2 2 2 2 2
left_child=1 3 4 -1 5 -3
right_child=-2 2 -4 -5 -6 -7
leaf_value=1.5552141581907737 -8.6356395512671025 0.13031332811237548 -7.9344974347014929 0.25437755056336675 -2.645723049138994 -2.575668699053518
leaf_weight=330 20 92 20 184 46 46
leaf_count=33 2 92 2 184 46 46
internal_value=-0.00210941 0.239548 -1.90195 1.08969 -1.24228 -0.772893
internal_weight=738 718 204 514 184 138
internal_count=405 403 186 217 184 138
is_linear=0
shrinkage=0.05


Tree=16
num_leaves=7
num_cat=0
split_feature=51 46 57 57 50 49
split_gain=556266 472139 293021 76404.3 43717.3 81206.5
threshold=1.0000000180025095e-35 1.0000000180025095e-35 1.0000000180025095e-35 1.0000000180025095e-35 1.0000000180025095e-35 1.0000000180025095e-35
decision_type=2 2 2 2 2 2
left_child=1 3 4 -1 5 -3
right_child=-2 2 -4 -5 -6 -7
leaf_value=0.73527404059249113 -8.2060061023009947 0.12380473200842562 -7.5397460330185018 2.2750131605150226 -2.5137237416430822 -2.4471646389578532
leaf_weight=414 20 92 20 100 46 46
leaf_count=207 2 92 2 10 46 46
internal_value=-0.00213841 0.227492 -1.80717 1.03522 -1.18031 -0.734337
internal_weight=738 718 204 514 184 138
internal_count=405 403 186 217 184 138
is_linear=0
shrinkage=0.05


Tree=17
num_leaves=7
num_cat=0
split_feature=51 46 57 59 50 49
split_gain=502278 426211 264604 69460 39463.6 73305.2
threshold=1.0000000180025095e-35 1.0000000180025095e-35 1.0000000180025095e-35 1.0000000180025095e-35 1.0000000180025095e-35 1.0000000180025095e-35
decision_type=2 2 2 2 2 2
left_child=1 3 4 -1 5 -3
right_child=-2 2 -4 -5 -6 -7
leaf_value=1.4174021191035067 -7.7977471043221387 0.11762121879575567 -7.1646345907182836 0.20492188196218517 -2.3883103062429032 -2.3250719264893109
leaf_weight=330 20 92 20 184 46 46
leaf_count=33 2 92 2 184 46 46
internal_value=-0.00215055 0.216053 -1.71711 0.983487 -1.12142 -0.697704
internal_weight=738 718 204 514 184 138
internal_count=405 403 186 217 184 138
is_linear=0
shrinkage=0.05


Tree=18
num_leaves=7
num_cat=0
split_feature=51 46 57 57 50 49
split_gain=453528 384746 238943 66455.6 35623.9 66172.7
threshold=1.0000000180025095e-35 1.0000000180025095e-35 1.0000000180025095e-35 1.0000000180025095e-35 1.0000000180025095e-35 1.0000000180025095e-35
decision_type=2 2 2 2 2 2
left_child=1 3 4 -1 5 -3
right_child=-2 2 -4 -5 -6 -7
leaf_value=0.65460373542931194 -7.4097991487873136 0.11174654132250726 -6.808185330670864 2.0905768101984687 -2.2691536777190171 -2.2090704415211708
leaf_weight=414 20 92 20 100 46 46
leaf_count=207 2 92 2 10 46 46
internal_value=-0.0021645 0.205179 -1.63155 0.934328 -1.06548 -0.662899
internal_weight=738 718 204 514 184 138
internal_count=405 403 186 217 184 138
is_linear=0
shrinkage=0.05


Tree=19
num_leaves=7
num_cat=0
split_feature=51 46 57 59 49 50
split_gain=409511 347319 215771 60345.5 32271.3 64546.2
threshold=1.0000000180025095e-35 1.0000000180025095e-35 1.0000000180025095e-35 1.0000000180025095e-35 1.0000000180025095e-35 1.0000000180025095e-35
decision_type=2 2 2 2 2 2
left_child=1 3 -3 -1 5 -5
right_child=-2 2 -4 4 -6 -7
leaf_value=1.2920826413854618 -7.0411522708722005 -1.0123215113432107 -6.4694690609452739 1.3084266571475682 -0.98359669832242025 -0.98359669832242025
leaf_weight=330 20 184 20 92 46 46
leaf_count=33 2 184 2 92 46 46
internal_value=-0.00216355 0.194862 -1.55024 0.887639 0.161969 0.54426
internal_weight=738 718 204 514 184 138
internal_count=405 403 186 217 184 138
is_linear=0
shrinkage=0.05


Tree=20
num_leaves=7
num_cat=0
split_feature=51 46 57 9 13 50
split_gain=369767 313507 194852 57987.8 35272 32164.8
threshold=1.0000000180025095e-35 1.0000000180025095e-35 1.0000000180025095e-35 1.0000000180025095e-35 1.0000000180025095e-35 1.0000000180025095e-35
decision_type=2 2 2 2 2 2
left_child=1 3 5 4 -1 -3
right_child=-2 2 -4 -5 -6 -7
leaf_value=1.1399552190754774 -6.6908463055814682 -0.57925011441084595 -6.1476051748095459 0.43973412173030496 2.7113588198306906 -2.1054358327207754
leaf_weight=140 20 138 20 326 48 46
leaf_count=50 2 138 2 155 12 46
internal_value=-0.00214947 0.185071 -1.47291 0.843263 1.54239 -0.961733
internal_weight=738 718 204 514 188 184
internal_count=405 403 186 217 62 184
is_linear=0
shrinkage=0.05


Tree=21
num_leaves=7
num_cat=0
split_feature=51 46 57 57 49 50
split_gain=333882 283006 175958 54490.5 30065.2 58714.5
threshold=1.0000000180025095e-35 1.0000000180025095e-35 1.0000000180025095e-35 1.0000000180025095e-35 1.0000000180025095e-35 1.0000000180025095e-35
decision_type=2 2 2 2 2 2
left_child=1 3 4 -1 5 -3
right_child=-2 2 -4 -5 -6 -7
leaf_value=0.54786280093346196 -6.3579684584888057 0.18565746698524485 -5.8417543629508701 1.8481196842708074 -2.0194504876457429 -2.0003924669774649
leaf_weight=414 20 92 20 100 46 46
leaf_count=207 2 92 2 10 46 46
internal_value=-0.0021181 0.175786 -1.39949 0.801141 -0.913719 -0.543947
internal_weight=738 718 204 514 184 138
internal_count=405 403 186 217 184 138
is_linear=0
shrinkage=0.05


Tree=22
num_leaves=7
num_cat=0
split_feature=51 46 57 59 49 50
split_gain=301477 255477 158893 51316.8 29126.6 58261.3
threshold=1.0000000180025095e-35 1.0000000180025095e-35 1.0000000180025095e-35 1.0000000180025095e-35 1.0000000180025095e-35 1.0000000180025095e-35
decision_type=2 2 2 2 2 2
left_child=1 3 -3 -1 5 -5
right_child=-2 2 -4 4 -6 -7
leaf_value=1.1340688594685508 -6.0416520911069647 -0.86813740986705423 -5.5511195244480724 1.1812143605384455 -0.996318455114799 -0.996318455114799
leaf_weight=330 20 184 20 92 46 46
leaf_count=33 2 184 2 92 46 46
internal_value=-0.00210459 0.166946 -1.32975 0.761108 0.091957 0.455174
internal_weight=738 718 204 514 184 138
internal_count=405 403 186 217 184 138
is_linear=0
shrinkage=0.05


Tree=23
num_leaves=7
num_cat=0
split_feature=51 46 57 9 13 49
split_gain=272218 230605 143489 49190.7 30859.8 27145.1
threshold=1.0000000180025095e-35 1.0000000180025095e-35 1.0000000180025095e-35 1.0000000180025095e-35 1.0000000180025095e-35 1.0000000180025095e-35
decision_type=2 2 2 2 2 2
left_child=1 3 5 4 -1 -3
right_child=-2 2 -4 -5 -6 -7
leaf_value=0.99062897153278495 -5.7410718623678481 -0.47343963078188778 -5.274944703970383 0.35141644950148443 2.4602645588515948 -1.8753843907420393
leaf_weight=140 20 138 20 326 48 46
leaf_count=50 2 138 2 155 12 46
internal_value=-0.00208159 0.158556 -1.26342 0.723055 1.36696 -0.824754
internal_weight=738 718 204 514 188 184
internal_count=405 403 186 217 62 184
is_linear=0
shrinkage=0.05


Tree=24
num_leaves=7
num_cat=0
split_feature=51 46 57 59 50 49
split_gain=245799 208170 129575 45301 27118 50395.1
threshold=1.0000000180025095e-35 1.0000000180025095e-35 1.0000000180025095e-35 1.0000000180025095e-35 1.0000000180025095e-35 1.0000000180025095e-35
decision_type=2 2 2 2 2 2
left_child=1 3 4 -1 5 -3
right_child=-2 2 -4 -5 -6 -7
leaf_value=1.037357930521718 -5.4554461578824629 0.24339068537814612 -5.0125094741138057 0.058249650734523796 -1.8336565096311095 -1.7818185553892059
leaf_weight=330 20 92 20 184 46 46
leaf_count=33 2 92 2 184 46 46
internal_value=-0.00204229 0.150602 -1.20043 0.68694 -0.78358 -0.43248
internal_weight=738 718 204 514 184 138
internal_count=405 403 186 217 184 138
is_linear=0
shrinkage=0.05


Tree=25
num_leaves=7
num_cat=0
split_feature=51 46 57 9 13 50
split_gain=221943 187919 117009 43678.8 27633.7 24479.2
threshold=1.0000000180025095e-35 1.0000000180025095e-35 1.0000000180025095e-35 1.0000000180025095e-35 1.0000000180025095e-35 1.0000000180025095e-35
decision_type=2 2 2 2 2 2
left_child=1 3 5 4 -1 -3
right_child=-2 2 -4 -5 -6 -7
leaf_value=0.9032792548125852 -5.1840310167910451 -0.41091214069674448 -4.763131061003576 0.30241588941566494 2.2938892499324934 -1.7421725722041927
leaf_weight=140 20 138 20 326 48 46
leaf_count=50 2 138 2 155 12 46
internal_value=-0.0020265 0.143021 -1.14062 0.652603 1.25936 -0.744493
internal_weight=738 718 204 514 188 184
internal_count=405 403 186 217 62 184
is_linear=0
shrinkage=0.05


Tree=26
num_leaves=7
num_cat=0
split_feature=51 46 57 57 49 49
split_gain=200404 169637 105663 40470.5 25539.3 22906.7
threshold=1.0000000180025095e-35 1.0000000180025095e-35 1.0000000180025095e-35 1.0000000180025095e-35 1.0000000180025095e-35 1.0000000180025095e-35
decision_type=2 2 2 2 2 2
left_child=1 3 5 4 -1 -3
right_child=-2 2 -4 -5 -6 -7
leaf_value=0.57276637243902628 -4.9261195244480724 -0.38465080951366803 -4.5261594857742535 1.5222699101511894 -0.49944836361144934 -1.6724198438598898
leaf_weight=348 20 138 20 100 66 46
leaf_count=159 2 138 2 10 48 46
internal_value=-0.00198345 0.135846 -1.08376 0.620007 0.401754 -0.707327
internal_weight=738 718 204 514 414 184
internal_count=405 403 186 217 207 184
is_linear=0
shrinkage=0.05


Tree=27
num_leaves=7
num_cat=0
split_feature=51 46 57 59 50 49
split_gain=180954 153131 95417 37880.8 26971.9 49902.2
threshold=1.0000000180025095e-35 1.0000000180025095e-35 1.0000000180025095e-35 1.0000000180025095e-35 1.0000000180025095e-35 1.0000000180025095e-35
decision_type=2 2 2 2 2 2
left_child=1 3 -3 -1 5 -5
right_child=-2 2 -4 4 -6 -7
leaf_value=0.90945889595168095 -4.681038775847326 -0.67201615558377703 -4.3009772609122354 1.0356765844405151 -1.0330579203276729 -0.97956349379069896
leaf_weight=330 20 184 20 92 46 46
leaf_count=33 2 184 2 92 46 46
internal_value=-0.00195143 0.129019 -1.02973 0.589022 0.0141443 0.363707
internal_weight=738 718 204 514 184 138
internal_count=405 403 186 217 184 138
is_linear=0
shrinkage=0.05


Tree=28
num_leaves=7
num_cat=0
split_feature=51 46 57 9 57 50
split_gain=163391 138223 86166.4 37506.6 23764.7 22861.5
threshold=1.0000000180025095e-35 1.0000000180025095e-35 1.0000000180025095e-35 0.45000000000000007 1.0000000180025095e-35 1.0000000180025095e-35
decision_type=2 2 2 2 2 2
left_child=1 3 5 4 -1 -3
right_child=-2 2 -4 -5 -6 -7
leaf_value=0.65284031731615688 -4.4481510902518648 -0.31613903771613838 -4.0869981756257774 0.06181421808997517 1.6618566501155478 -1.6025341555249923
leaf_weight=216 20 138 20 218 80 46
leaf_count=108 2 138 2 101 8 46
internal_value=-0.00191971 0.122533 -0.978365 0.55957 0.926017 -0.638434
internal_weight=738 718 204 514 296 184
internal_count=405 403 186 217 116 184
is_linear=0
shrinkage=0.05


Tree=29
num_leaves=7
num_cat=0
split_feature=51 46 57 9 57 49
split_gain=147534 124775 77811 33852.8 21451.6 21415.9
threshold=1.0000000180025095e-35 1.0000000180025095e-35 1.0000000180025095e-35 0.45000000000000007 1.0000000180025095e-35 1.0000000180025095e-35
decision_type=2 2 2 2 2 2
left_child=1 3 5 4 -1 -3
right_child=-2 2 -4 -5 -6 -7
leaf_value=0.62021341416527975 -4.2268500636466104 -0.29463580977994408 -3.8836648665850433 0.058724906235755672 1.5788676086882976 -1.5396796534738932
leaf_weight=216 20 138 20 218 80 46
leaf_count=108 2 138 2 101 8 46
internal_value=-0.00187843 0.116381 -0.929594 0.531615 0.879755 -0.606564
internal_weight=738 718 204 514 296 184
internal_count=405 403 186 217 116 184
is_linear=0
shrinkage=0.05


Tree=30
num_leaves=7
num_cat=0
split_feature=51 46 57 59 50 49
split_gain=133216 112636 70265.8 31923.1 24344.4 45043.5
threshold=1.0000000180025095e-35 1.0000000180025095e-35 1.0000000180025095e-35 1.0000000180025095e-35 1.0000000180025095e-35 1.0000000180025095e-35
decision_type=2 2 2 2 2 2
left_child=1 3 -3 -1 5 -5
right_child=-2 2 -4 4 -6 -7
leaf_value=0.79921716113987562 -4.0165593541083648 -0.57628563518338982 -3.6904476032921334 0.94789561852570081 -1.0175313204850136 -0.96670582496163127
leaf_weight=330 20 184 20 92 46 46
leaf_count=33 2 184 2 92 46 46
internal_value=-0.00183659 0.110538 -0.883254 0.505056 -0.0226624 0.309457
internal_weight=738 718 204 514 184 138
internal_count=405 403 186 217 184 138
is_linear=0
shrinkage=0.05


Tree=31
num_leaves=7
num_cat=0
split_feature=51 46 57 9 50 49
split_gain=120287 101670 63453.6 30301 21349.6 39722.4
threshold=1.0000000180025095e-35 1.0000000180025095e-35 1.0000000180025095e-35 0.45000000000000007 1.0000000180025095e-35 1.0000000180025095e-35
decision_type=2 2 2 2 2 2
left_child=1 3 4 -1 5 -3
right_child=-2 2 -4 -5 -6 -7
leaf_value=0.80917121831809524 -3.8167302525458648 0.36382222819535404 -3.5068433771085972 0.03241715700131171 -1.4791295595644871 -1.4341108111135354
leaf_weight=296 20 92 20 218 46 46
leaf_count=116 2 92 2 101 46 46
internal_value=-0.00180247 0.10498 -0.839196 0.479801 -0.547487 -0.236093
internal_weight=738 718 204 514 184 138
internal_count=405 403 186 217 184 138
is_linear=0
shrinkage=0.05


Tree=32
num_leaves=7
num_cat=0
split_feature=51 46 57 59 50 49
split_gain=108612 91779.7 57299.6 28572.9 21973.5 40658.2
threshold=1.0000000180025095e-35 1.0000000180025095e-35 1.0000000180025095e-35 1.0000000180025095e-35 1.0000000180025095e-35 1.0000000180025095e-35
decision_type=2 2 2 2 2 2
left_child=1 3 -3 -1 5 -5
right_child=-2 2 -4 4 -6 -7
leaf_value=0.73411718912826673 -3.6268432009872513 -0.52018190093544892 -3.3323736238242385 0.8786920822922234 -0.98860167629548101 -0.94031189527532288
leaf_weight=330 20 184 20 92 46 46
leaf_count=33 2 184 2 92 46 46
internal_value=-0.00177352 0.0996943 -0.797385 0.455819 -0.0434295 0.272116
internal_weight=738 718 204 514 184 138
internal_count=405 403 186 217 184 138
is_linear=0
shrinkage=0.05


Tree=33
num_leaves=7
num_cat=0
split_feature=51 46 57 9 13 50
split_gain=98070.7 82843.9 51744.4 27552.7 22931.7 19274.2
threshold=1.0000000180025095e-35 1.0000000180025095e-35 1.0000000180025095e-35 1.0000000180025095e-35 1.0000000180025095e-35 1.0000000180025095e-35
decision_type=2 2 2 2 2 2
left_child=1 3 5 4 -1 -3
right_child=-2 2 -4 -5 -6 -7
leaf_value=0.59080199060229044 -3.4464032377176617 -0.19833710645092822 -3.1665837681708644 0.15492845904933131 1.8570635353453195 -1.379380865365978
leaf_weight=140 20 138 20 326 48 46
leaf_count=50 2 138 2 155 12 46
internal_value=-0.00173766 0.0946806 -0.75761 0.433025 0.914918 -0.494187
internal_weight=738 718 204 514 188 184
internal_count=405 403 186 217 62 184
is_linear=0
shrinkage=0.05


Tree=34
num_leaves=7
num_cat=0
split_feature=51 46 57 9 49 50
split_gain=88553.1 74785.3 46726.8 25370.7 18074.2 35184.2
threshold=1.0000000180025095e-35 1.0000000180025095e-35 1.0000000180025095e-35 0.45000000000000007 1.0000000180025095e-35 1.0000000180025095e-35
decision_type=2 2 2 2 2 2
left_child=1 3 4 -1 5 -3
right_child=-2 2 -4 -5 -6 -7
leaf_value=0.71278402934964946 -3.2749403009367222 0.38153780820444799 -3.0090424646785601 0.0020405147557737411 -1.3267127924524005 -1.3105614593903052
leaf_weight=296 20 92 20 218 46 46
leaf_count=116 2 92 2 101 46 46
internal_value=-0.00168863 0.0899317 -0.719845 0.411399 -0.46952 -0.183036
internal_weight=738 718 204 514 184 138
internal_count=405 403 186 217 184 138
is_linear=0
shrinkage=0.05


Tree=35
num_leaves=7
num_cat=0
split_feature=51 46 57 59 50 49
split_gain=79958.4 67510.9 42194.9 24995.4 19832.7 36699.5
threshold=1.0000000180025095e-35 1.0000000180025095e-35 1.0000000180025095e-35 1.0000000180025095e-35 1.0000000180025095e-35 1.0000000180025095e-35
decision_type=2 2 2 2 2 2
left_child=1 3 -3 -1 5 -5
right_child=-2 2 -4 4 -6 -7
leaf_value=0.65113021517767755 -3.112008014128576 -0.44610567485619212 -2.8593388647582398 0.8000153454584874 -0.97403091877504966 -0.92815039007886113
leaf_weight=330 20 184 20 92 46 46
leaf_count=33 2 184 2 92 46 46
internal_value=-0.00165721 0.0854034 -0.683982 0.390836 -0.0760953 0.223705
internal_weight=738 718 204 514 184 138
internal_count=405 403 186 217 184 138
is_linear=0
shrinkage=0.05


Tree=36
num_leaves=7
num_cat=0
split_feature=51 46 57 57 49 50
split_gain=72198 60937.7 38104.1 23288.2 16317.1 31761.4
threshold=1.0000000180025095e-35 1.0000000180025095e-35 1.0000000180025095e-35 1.0000000180025095e-35 1.0000000180025095e-35 1.0000000180025095e-35
decision_type=2 2 2 2 2 2
left_child=1 3 4 -1 5 -3
right_child=-2 2 -4 -5 -6 -7
leaf_value=0.20576003421996703 -2.9571818641169152 0.38476270055408462 -2.7170829203591418 1.0556943533303855 -1.2382641831602812 -1.2229186076662806
leaf_weight=414 20 92 20 100 46 46
leaf_count=207 2 92 2 10 46 46
internal_value=-0.00162088 0.0811071 -0.649864 0.37129 -0.423813 -0.151629
internal_weight=738 718 204 514 184 138
internal_count=405 403 186 217 184 138
is_linear=0
shrinkage=0.05


Tree=37
num_leaves=7
num_cat=0
split_feature=51 46 57 9 13 49
split_gain=65190.8 55011 34408.6 22194.2 14940.2 14729.1
threshold=1.0000000180025095e-35 1.0000000180025095e-35 1.0000000180025095e-35 0.45000000000000007 1.0000000180025095e-35 1.0000000180025095e-35
decision_type=2 2 2 2 2 2
left_child=1 3 5 4 -1 -3
right_child=-2 2 -4 -5 -6 -7
leaf_value=0.44398231575769842 -2.8100582900925062 -0.14407748307636215 -2.5819048525682136 -0.030123361449130137 1.2973087169399062 -1.1764852892033708
leaf_weight=230 20 138 20 218 66 46
leaf_count=95 2 138 2 101 21 46
internal_value=-0.0015838 0.0770271 -0.617488 0.352738 0.634625 -0.402678
internal_weight=738 718 204 514 296 184
internal_count=405 403 186 217 116 184
is_linear=0
shrinkage=0.05


Tree=38
num_leaves=7
num_cat=0
split_feature=51 46 57 59 50 49
split_gain=58864 49659.5 31071.9 21424.8 17900.9 33126.4
threshold=1.0000000180025095e-35 1.0000000180025095e-35 1.0000000180025095e-35 1.0000000180025095e-35 1.0000000180025095e-35 1.0000000180025095e-35
decision_type=2 2 2 2 2 2
left_child=1 3 -3 -1 5 -5
right_child=-2 2 -4 4 -6 -7
leaf_value=0.57610539583248355 -2.6702543799556904 -0.38258022416356724 -2.4534519632064287 0.73522505698064267 -0.950240975088256 -0.90664953161475459
leaf_weight=330 20 184 20 92 46 46
leaf_count=33 2 184 2 92 46 46
internal_value=-0.00153848 0.0731605 -0.586709 0.335118 -0.0971669 0.187673
internal_weight=738 718 204 514 184 138
internal_count=405 403 186 217 184 138
is_linear=0
shrinkage=0.05


Tree=39
num_leaves=7
num_cat=0
split_feature=51 46 57 9 13 50
split_gain=53150.9 44824.3 28059.5 19979.8 18626.5 14667.2
threshold=1.0000000180025095e-35 1.0000000180025095e-35 1.0000000180025095e-35 1.0000000180025095e-35 1.0000000180025095e-35 1.0000000180025095e-35
decision_type=2 2 2 2 2 2
left_child=1 3 5 4 -1 -3
right_child=-2 2 -4 -5 -6 -7
leaf_value=0.43669765766478713 -2.537406048371424 -0.10543635608405846 -2.3313896217156405 0.08155918146241703 1.5777389918939984 -1.1356295422204405
leaf_weight=140 20 138 20 326 48 46
leaf_count=50 2 138 2 155 12 46
internal_value=-0.00150256 0.0694789 -0.557443 0.318356 0.728711 -0.363462
internal_weight=738 718 204 514 188 184
internal_count=405 403 186 217 62 184
is_linear=0
shrinkage=0.05


Tree=40
num_leaves=7
num_cat=0
split_feature=51 46 57 59 50 49
split_gain=47992.7 40464.4 25338.5 18897.5 16157.9 29901.6
threshold=1.0000000180025095e-35 1.0000000180025095e-35 1.0000000180025095e-35 1.0000000180025095e-35 1.0000000180025095e-35 1.0000000180025095e-35
decision_type=2 2 2 2 2 2
left_child=1 3 -3 -1 5 -5
right_child=-2 2 -4 4 -6 -7
leaf_value=0.52878784263939316 -2.4111668221393034 -0.34532223563360043 -2.2154000505286069 0.68732515120642201 -0.91399846107995941 -0.87258184602617439
leaf_weight=330 20 184 20 92 46 46
leaf_count=33 2 184 2 92 46 46
internal_value=-0.00145462 0.0659947 -0.529659 0.302459 -0.103524 0.167101
internal_weight=738 718 204 514 184 138
internal_count=405 403 186 217 184 138
is_linear=0
shrinkage=0.05


Tree=41
num_leaves=7
num_cat=0
split_feature=51 46 57 9 49 50
split_gain=43334.7 36524.4 22882 18435.8 13769 26775.9
threshold=1.0000000180025095e-35 1.0000000180025095e-35 1.0000000180025095e-35 0.45000000000000007 1.0000000180025095e-35 1.0000000180025095e-35
decision_type=2 2 2 2 2 2
left_child=1 3 4 -1 5 -3
right_child=-2 2 -4 -5 -6 -7
leaf_value=0.54424438247886797 -2.2912082956798039 0.41436320032022422 -2.1051811104390157 -0.061596311707389523 -1.0762120368940971 -1.0617425881342359
leaf_weight=296 20 92 20 218 46 46
leaf_count=116 2 92 2 101 46 46
internal_value=-0.00141943 0.0626732 -0.503239 0.28733 -0.328065 -0.0780846
internal_weight=738 718 204 514 184 138
internal_count=405 403 186 217 184 138
is_linear=0
shrinkage=0.05


Tree=42
num_leaves=7
num_cat=0
split_feature=51 46 57 57 49 50
split_gain=39128.7 32971.9 20662.6 17194.8 12428.9 24170
threshold=1.0000000180025095e-35 1.0000000180025095e-35 1.0000000180025095e-35 1.0000000180025095e-35 1.0000000180025095e-35 1.0000000180025095e-35
decision_type=2 2 2 2 2 2
left_child=1 3 4 -1 5 -3
right_child=-2 2 -4 -5 -6 -7
leaf_value=0.13074670215644457 -2.1772178536030782 0.39366754091796791 -2.000445845115244 0.86104873177054886 -1.0225181662338156 -1.0087706054886096
leaf_weight=414 20 92 20 100 46 46
leaf_count=207 2 92 2 10 46 46
internal_value=-0.00138665 0.0595162 -0.47817 0.272969 -0.311709 -0.0742038
internal_weight=738 718 204 514 184 138
internal_count=405 403 186 217 184 138
is_linear=0
shrinkage=0.05


Tree=43
num_leaves=7
num_cat=0
split_feature=51 46 57 18 9 49
split_gain=35331.1 29765.4 18658.6 16557.8 12017.4 10583.1
threshold=1.0000000180025095e-35 1.0000000180025095e-35 1.0000000180025095e-35 1.0000000180025095e-35 0.27500000000000008 1.0000000180025095e-35
decision_type=2 2 2 2 2 2
left_child=1 3 4 -1 -3 -5
right_child=-2 2 -4 5 -6 -7
leaf_value=0.52072882480820226 -2.0688986707089554 0.1644636861393961 -1.9009211146416356 0.088818885913171261 -0.65031778560477205 -0.8634456091961904
leaf_weight=278 20 80 20 202 104 34
leaf_count=107 2 80 2 85 104 25
internal_value=-0.00134999 0.056522 -0.454351 0.25933 -0.296168 -0.0486794
internal_weight=738 718 204 514 184 236
internal_count=405 403 186 217 184 110
is_linear=0
shrinkage=0.05


Tree=44
num_leaves=7
num_cat=0
split_feature=51 46 57 59 50 49
split_gain=31902 26867.7 16849.5 15913.9 14819.4 26094.6
threshold=1.0000000180025095e-35 1.0000000180025095e-35 1.0000000180025095e-35 1.0000000180025095e-35 1.0000000180025095e-35 1.0000000180025095e-35
decision_type=2 2 2 2 2 2
left_child=1 3 -3 -1 5 -5
right_child=-2 2 -4 4 -6 -7
leaf_value=0.45405771473399509 -1.9659681936994713 -0.28137284277704089 -1.8063479750903686 0.61900186486922448 -0.90235514651151638 -0.83821704020469157
leaf_weight=330 20 184 20 92 46 46
leaf_count=33 2 184 2 92 46 46
internal_value=-0.00131439 0.0536775 -0.431692 0.246361 -0.126183 0.133007
internal_weight=738 718 204 514 184 138
internal_count=405 403 186 217 184 138
is_linear=0
shrinkage=0.05


Tree=45
num_leaves=7
num_cat=0
split_feature=51 10 13 58 49 50
split_gain=28805.6 24481.2 17546.2 16119.6 14545.3 18137.8
threshold=1.0000000180025095e-35 1.0000000180025095e-35 1.0000000180025095e-35 1.0000000180025095e-35 1.0000000180025095e-35 1.0000000180025095e-35
decision_type=2 2 2 2 2 2
left_child=1 2 -1 4 5 -3
right_child=-2 3 -4 -5 -6 -7
leaf_value=0.22574618921224726 -1.8681589003226056 0.097947795869196524 1.2322978208409274 0.34045164154332253 -0.93234155486396286 -0.80309152175766563
leaf_weight=190 20 196 56 120 78 78
leaf_count=91 2 142 20 12 69 69
internal_value=-0.00128066 0.0509744 0.455288 -0.1598 -0.330388 -0.158752
internal_weight=738 718 246 472 352 274
internal_count=405 403 111 292 280 211
is_linear=0
shrinkage=0.05


Tree=46
num_leaves=7
num_cat=0
split_feature=51 46 57 57 49 50
split_gain=26010.4 23216.2 15578.4 14254.8 10560.7 20743.9
threshold=1.0000000180025095e-35 1.0000000180025095e-35 1.0000000180025095e-35 1.0000000180025095e-35 1.0000000180025095e-35 1.0000000180025095e-35
decision_type=2 2 2 2 2 2
left_child=1 3 4 -1 5 -3
right_child=-2 2 -4 -5 -6 -7
leaf_value=0.098051105071541994 -1.7752157182835822 0.39410309106855779 -1.7245319423390857 0.76298450185106947 -0.91343406586222953 -0.90513865911521008
leaf_weight=414 20 92 20 100 46 46
leaf_count=207 2 92 2 10 46 46
internal_value=-0.00122819 0.0484268 -0.402756 0.227539 -0.258225 -0.0393193
internal_weight=738 718 204 514 184 138
internal_count=405 403 186 217 184 138
is_linear=0
shrinkage=0.05


Tree=47
num_leaves=7
num_cat=0
split_feature=51 10 13 58 49 50
split_gain=23485.9 21401.3 15345.1 14206.2 12664.7 15687.5
threshold=1.0000000180025095e-35 1.0000000180025095e-35 1.0000000180025095e-35 1.0000000180025095e-35 1.0000000180025095e-35 1.0000000180025095e-35
decision_type=2 2 2 2 2 2
left_child=1 2 -1 4 5 -3
right_child=-2 3 -4 -5 -6 -7
leaf_value=0.20935570489973332 -1.68689648073111 0.087666944402599145 1.1506557668594117 0.3185447626169477 -0.87292042950814575 -0.75030515868593584
leaf_weight=190 20 196 56 120 78 78
leaf_count=91 2 142 20 12 69 69
internal_value=-0.0011943 0.0459896 0.424016 -0.151081 -0.311225 -0.151067
internal_weight=738 718 246 472 352 274
internal_count=405 403 111 292 280 211
is_linear=0
shrinkage=0.05


Tree=48
num_leaves=7
num_cat=0
split_feature=51 46 57 9 9 13
split_gain=21206.8 20056.8 14392.3 13028 9802.44 8841.19
threshold=1.0000000180025095e-35 1.0000000180025095e-35 1.0000000180025095e-35 0.45000000000000007 0.35000000000000003 1.0000000180025095e-35
decision_type=2 2 2 2 2 2
left_child=1 3 4 5 -3 -1
right_child=-2 2 -4 -5 -6 -7
leaf_value=0.27952780800247029 -1.6029713189423973 0.14436300875244834 -1.6461228707536535 -0.083137880657201291 -0.58590431883543515 0.93588021375047292
leaf_weight=230 20 88 20 218 96 66
leaf_count=95 2 88 2 101 96 21
internal_value=-0.00114505 0.0436911 -0.375669 0.210171 -0.236757 0.426143
internal_weight=738 718 204 514 184 296
internal_count=405 403 186 217 184 116
is_linear=0
shrinkage=0.05


Tree=49
num_leaves=7
num_cat=0
split_feature=51 18 9 49 46 57
split_gain=19148.8 18211.2 9902.53 10999.1 7504.3 8389.85
threshold=1.0000000180025095e-35 0.22500000000000003 0.22500000000000003 1.0000000180025095e-35 1.0000000180025095e-35 1.0000000180025095e-35
decision_type=2 2 2 2 2 2
left_child=1 4 -3 -4 5 -1
right_child=-2 2 3 -5 -6 -7
leaf_value=0.23176711535685485 -1.5232214476931747 -1.7829804373259592 -0.052672588461119711 -0.83844048082277645 -0.096203247406480452 0.83108411924669368
leaf_weight=216 20 9.9999999999999982 252 54 106 80
leaf_count=108 2 1 144 45 97 8
internal_value=-0.00110513 0.0414999 -0.242475 -0.191566 0.264729 0.393971
internal_weight=738 718 316 306 402 296
internal_count=405 403 190 189 213 116
is_linear=0
shrinkage=0.05


Tree=50
num_leaves=7
num_cat=0
split_feature=51 46 57 57 50 49
split_gain=17290.3 16827 12264.4 10968 9005.44 17347.2
threshold=1.0000000180025095e-35 1.0000000180025095e-35 1.0000000180025095e-35 1.0000000180025095e-35 1.0000000180025095e-35 1.0000000180025095e-35
decision_type=2 2 2 2 2 2
left_child=1 3 4 -1 5 -3
right_child=-2 2 -4 -5 -6 -7
leaf_value=0.078319348465040434 -1.4474393170864428 0.38199572373549667 -1.5174804991157493 0.66157627200985059 -0.82151039975842799 -0.80612097593295085
leaf_weight=414 20 92 20 100 46 46
leaf_count=207 2 92 2 10 46 46
internal_value=-0.00107175 0.039413 -0.3447 0.1919 -0.216469 -0.0143401
internal_weight=738 718 204 514 184 138
internal_count=405 403 186 217 184 138
is_linear=0
shrinkage=0.05


Tree=51
num_leaves=7
num_cat=0
split_feature=51 18 49 9 46 57
split_gain=15612.1 16094.5 8139.72 9522.39 5963.57 6817.99
threshold=1.0000000180025095e-35 0.22500000000000003 1.0000000180025095e-35 0.22500000000000003 1.0000000180025095e-35 1.0000000180025095e-35
decision_type=2 2 2 2 2 2
left_child=1 4 3 -3 5 -1
right_child=-2 2 -4 -5 -6 -7
leaf_value=0.21626997793895786 -1.3754273979224969 -1.619591288047262 -0.78791215018732497 -0.053835039761084405 -0.074478594173697454 0.75654430603713141
leaf_weight=216 20 9.9999999999999982 54 252 106 80
leaf_count=108 2 1 45 144 97 8
internal_value=-0.00104168 0.0374283 -0.229534 -0.114192 0.247284 0.362496
internal_weight=738 718 316 262 402 296
internal_count=405 403 190 145 213 116
is_linear=0
shrinkage=0.05


Tree=52
num_leaves=7
num_cat=0
split_feature=51 18 46 49 46 59
split_gain=14096.9 14528.5 7534.22 5643.77 5382.64 6171.3
threshold=1.0000000180025095e-35 0.22500000000000003 1.0000000180025095e-35 1.0000000180025095e-35 1.0000000180025095e-35 1.0000000180025095e-35
decision_type=2 2 2 2 2 2
left_child=1 4 3 -3 -1 -6
right_child=-2 2 -4 -5 5 -7
leaf_value=0.34438786547717837 -1.3069981816989271 0.051316933885561022 -0.58198954218146026 -0.66657825125340731 -1.2464122961063198 0.052875363119683085
leaf_weight=296 20 186 98 32 9.9999999999999982 96
leaf_count=116 2 78 89 23 1 96
internal_value=-0.0010095 0.035546 -0.218096 -0.0543195 0.234931 -0.0707582
internal_weight=738 718 316 218 402 106
internal_count=405 403 190 101 213 97
is_linear=0
shrinkage=0.05


Tree=53
num_leaves=7
num_cat=0
split_feature=51 10 13 58 49 50
split_gain=12728.7 13649.9 11740 10531.8 9114.89 13838
threshold=1.0000000180025095e-35 1.0000000180025095e-35 1.0000000180025095e-35 1.0000000180025095e-35 1.0000000180025095e-35 1.0000000180025095e-35
decision_type=2 2 2 2 2 2
left_child=1 2 -1 4 5 -3
right_child=-2 3 -4 -5 -6 -7
leaf_value=0.14792043995945034 -1.2419734214668843 0.098562759018138879 0.97122138664259205 0.28072271577325297 -0.73803526430215483 -0.6884577967293285
leaf_weight=190 20 196 56 120 78 78
leaf_count=91 2 142 20 12 69 69
internal_value=-0.000981741 0.0337544 0.335657 -0.123631 -0.261519 -0.125649
internal_weight=738 718 246 472 352 274
internal_count=405 403 111 292 280 211
is_linear=0
shrinkage=0.05


Tree=54
num_leaves=7
num_cat=0
split_feature=51 10 13 58 49 50
split_gain=11493.5 12320.9 10597.6 9506.11 8227.22 12490.4
threshold=1.0000000180025095e-35 1.0000000180025095e-35 1.0000000180025095e-35 1.0000000180025095e-35 1.0000000180025095e-35 1.0000000180025095e-35
decision_type=2 2 2 2 2 2
left_child=1 2 -1 4 5 -3
right_child=-2 3 -4 -5 -6 -7
leaf_value=0.14052828508323897 -1.1801836763448381 0.093637137928828496 0.92274687761928953 0.26669827111059186 -0.70118074868919 -0.65407894637612163
leaf_weight=190 20 196 56 120 78 78
leaf_count=91 2 142 20 12 69 69
internal_value=-0.00094058 0.0320672 0.318897 -0.11746 -0.248462 -0.119377
internal_weight=738 718 246 472 352 274
internal_count=405 403 111 292 280 211
is_linear=0
shrinkage=0.05


Tree=55
num_leaves=7
num_cat=0
split_feature=51 46 57 57 50 49
split_gain=10378.2 11601.6 10359.5 8482.57 7492.29 13578
threshold=1.0000000180025095e-35 1.0000000180025095e-35 1.0000000180025095e-35 1.0000000180025095e-35 1.0000000180025095e-35 1.0000000180025095e-35
decision_type=2 2 2 2 2 2
left_child=1 3 4 -1 5 -3
right_child=-2 2 -4 -5 -6 -7
leaf_value=0.05719803830357284 -1.121468007861085 0.36432751963050569 -1.3663166482650224 0.57012467855935578 -0.72251917328079462 -0.6868164306607526
leaf_weight=414 20 92 20 100 46 46
leaf_count=207 2 92 2 10 46 46
internal_value=-0.000901084 0.0304643 -0.28848 0.157081 -0.170645 0.0137026
internal_weight=738 718 204 514 184 138
internal_count=405 403 186 217 184 138
is_linear=0
shrinkage=0.05


Tree=56
num_leaves=7
num_cat=0
split_feature=51 18 9 59 50 49
split_gain=9370.87 11099.7 6621.6 6337.46 5956.81 7327.83
threshold=1.0000000180025095e-35 0.22500000000000003 0.22500000000000003 1.0000000180025095e-35 1.0000000180025095e-35 1.0000000180025095e-35
decision_type=2 2 2 2 2 2
left_child=1 -1 -3 -4 5 -5
right_child=-2 2 3 4 -6 -7
leaf_value=0.20320518523476899 -1.0656736762962531 -1.4524776345432395 0.1135710365125347 0.085145189055790299 -0.84979133865460244 -0.70444866535074313
leaf_weight=402 20 9.9999999999999982 130 88 44 44
leaf_count=213 2 1 13 88 44 44
internal_value=-0.00087571 0.0289287 -0.192772 -0.151144 -0.346625 -0.178387
internal_weight=738 718 316 306 176 132
internal_count=405 403 190 189 176 132
is_linear=0
shrinkage=0.05


Tree=57
num_leaves=7
num_cat=0
split_feature=51 9 59 13 59 49
split_gain=8461.22 10414.1 7765.36 6511.08 8163.92 6935.49
threshold=1.0000000180025095e-35 0.45000000000000007 1.0000000180025095e-35 1.0000000180025095e-35 1.0000000180025095e-35 1.0000000180025095e-35
decision_type=2 2 2 2 2 2
left_child=1 3 -3 5 -5 -1
right_child=-2 2 -4 4 -6 -7
leaf_value=0.17756147139732362 -1.012655077882074 0.099581744833967492 -0.4098393143594164 0.98849886858058778 -0.033742967052994489 -0.52399352542182753
leaf_weight=290 20 130 176 50 32 40
leaf_count=137 2 13 176 5 32 40
internal_value=-0.000856793 0.0274641 -0.193457 0.191553 0.59002 0.0923915
internal_weight=738 718 306 412 82 330
internal_count=405 403 189 214 37 177
is_linear=0
shrinkage=0.05


Tree=58
num_leaves=7
num_cat=0
split_feature=51 18 9 49 9 46
split_gain=7640.18 9399.75 6254.38 5965.66 5141.83 3756.01
threshold=1.0000000180025095e-35 1.0000000180025095e-35 1.0000000180025095e-35 1.0000000180025095e-35 0.45000000000000007 1.0000000180025095e-35
decision_type=2 2 2 2 2 2
left_child=1 5 -3 4 -4 -1
right_child=-2 2 3 -5 -6 -7
leaf_value=0.29240632177213677 -0.96227420028762445 -1.3893629017442761 0.28604973742693968 -0.58645138436873889 -0.17761372394103125 -0.067507744762024993
leaf_weight=278 20 9.9999999999999982 88 58 186 98
leaf_count=107 2 1 52 49 105 89
internal_value=-0.000818786 0.026093 -0.163573 -0.126244 -0.0286499 0.198606
internal_weight=738 718 342 332 274 376
internal_count=405 403 207 206 157 196
is_linear=0
shrinkage=0.05


Tree=59
num_leaves=7
num_cat=0
split_feature=46 57 51 57 49 50
split_gain=7088.81 8712.05 8511.24 6801.25 6658.79 6646.95
threshold=1.0000000180025095e-35 1.0000000180025095e-35 1.0000000180025095e-35 1.0000000180025095e-35 1.0000000180025095e-35 1.0000000180025095e-35
decision_type=2 2 2 2 2 2
left_child=2 5 3 4 -1 -2
right_child=1 -3 -4 -5 -6 -7
leaf_value=0.13234503728949462 0.030235920491871807 -1.239857611964591 -0.91439986347559088 0.50428210629092596 -0.41507762354909927 -0.6631990337578697
leaf_weight=348 138 20 20 100 66 46
leaf_count=159 138 2 2 10 48 46
internal_value=-0.000795495 -0.251441 0.0949857 0.134432 0.0449956 -0.143389
internal_weight=738 204 534 514 414 184
internal_count=405 186 219 217 207 184
is_linear=0
shrinkage=0.05


Tree=60
num_leaves=7
num_cat=0
split_feature=9 51 59 13 59 49
split_gain=6547.37 8321.19 6590.32 5627.57 6995.99 5739.49
threshold=0.45000000000000007 1.0000000180025095e-35 1.0000000180025095e-35 1.0000000180025095e-35 1.0000000180025095e-35 1.0000000180025095e-35
decision_type=2 2 2 2 2 2
left_child=1 3 -2 5 -5 -1
right_child=2 -3 -4 4 -6 -7
leaf_value=0.1582758590625262 0.092265273496611691 -0.86890741604477606 -0.37703316324072628 0.91230488680080024 -0.03398666797768661 -0.47992742685903045
leaf_weight=290 130 20 176 50 32 40
leaf_count=137 13 2 176 5 32 40
internal_value=-0.000773103 0.124557 -0.177693 0.172983 0.543429 0.0807959
internal_weight=738 432 306 412 82 330
internal_count=405 216 189 214 37 177
is_linear=0
shrinkage=0.05


Tree=61
num_leaves=7
num_cat=0
split_feature=46 57 51 9 57 49
split_gain=6003.7 8126.99 6964.67 6098.1 5662.06 5811.41
threshold=1.0000000180025095e-35 1.0000000180025095e-35 1.0000000180025095e-35 0.35000000000000003 1.0000000180025095e-35 1.0000000180025095e-35
decision_type=2 2 2 2 2 2
left_child=2 3 4 -2 5 -1
right_child=1 -3 -4 -5 -6 -7
leaf_value=0.12308940145004346 0.17350122200644383 -1.1860476062072449 -0.82567812791511186 -0.40244939789935774 0.46054760726181776 -0.38831617688808073
leaf_weight=348 88 20 20 96 100 66
leaf_count=159 88 2 2 96 10 48
internal_value=-0.000738491 -0.231404 0.0874076 -0.12705 0.12309 0.0414869
internal_weight=738 204 534 184 514 414
internal_count=405 186 219 184 217 207
is_linear=0
shrinkage=0.05


Tree=62
num_leaves=7
num_cat=0
split_feature=9 51 59 18 13 59
split_gain=5703.47 6842.13 5504.36 5383.25 4957.64 6218.34
threshold=0.45000000000000007 1.0000000180025095e-35 1.0000000180025095e-35 0.22500000000000003 1.0000000180025095e-35 1.0000000180025095e-35
decision_type=2 2 2 2 2 2
left_child=1 4 3 -2 -1 -6
right_child=2 -3 -4 -5 5 -7
leaf_value=0.073645091461290266 0.66713034037339725 -0.78459956989952584 -0.34801770245771668 -0.095489230427470484 0.85563886308384518 -0.036497980634742806
leaf_weight=330 30 20 176 100 50 32
leaf_count=177 3 2 176 10 5 32
internal_value=-0.000715419 0.116259 -0.16584 0.0808774 0.16017 0.507868
internal_weight=738 432 306 130 412 82
internal_count=405 216 189 13 214 37
is_linear=0
shrinkage=0.05


Tree=63
num_leaves=7
num_cat=0
split_feature=9 51 59 18 50 49
split_gain=5147.29 6177.86 4968.46 4859.93 4757.68 5801.87
threshold=0.45000000000000007 1.0000000180025095e-35 1.0000000180025095e-35 0.22500000000000003 1.0000000180025095e-35 1.0000000180025095e-35
decision_type=2 2 2 2 2 2
left_child=1 -1 3 -2 5 -4
right_child=2 -3 4 -5 -6 -7
leaf_value=0.1521725809652231 0.63388465805307181 -0.74556477864583337 0.054262974213863752 -0.090719533609700864 -0.78031871432349798 -0.64834182981460819
leaf_weight=412 30 20 88 100 44 44
leaf_count=214 3 2 88 10 44 44
internal_value=-0.000677402 0.110448 -0.157545 0.0768555 -0.330627 -0.180252
internal_weight=738 432 306 130 176 132
internal_count=405 216 189 13 176 132
is_linear=0
shrinkage=0.05


Tree=64
num_leaves=7
num_cat=0
split_feature=46 57 50 49 9 57
split_gain=5003.81 7663.9 5825.48 10386.8 6771.36 5657.49
threshold=1.0000000180025095e-35 1.0000000180025095e-35 1.0000000180025095e-35 1.0000000180025095e-35 0.27500000000000008 1.0000000180025095e-35
decision_type=2 2 2 2 2 2
left_child=5 2 3 4 -2 -1
right_child=1 -3 -4 -5 -6 -7
leaf_value=0.001665860943134082 0.84746761512280688 -1.1382749566984414 -0.59654128680777396 -0.56010624643520257 -0.01719699567630744 0.4186616005835595
leaf_weight=434 40 20 46 46 52 100
leaf_count=209 40 2 46 46 52 10
internal_value=-0.000653182 -0.211236 -0.109907 0.0526183 0.359256 0.0798187
internal_weight=738 204 184 138 92 534
internal_count=405 186 184 138 92 219
is_linear=0
shrinkage=0.05


Tree=65
num_leaves=7
num_cat=0
split_feature=49 57 50 59 59 9
split_gain=4592.42 14616.3 6107.5 18057.4 7698.01 10494.7
threshold=1.0000000180025095e-35 1.0000000180025095e-35 1.0000000180025095e-35 1.0000000180025095e-35 1.0000000180025095e-35 0.27500000000000008
decision_type=2 2 2 2 2 2
left_child=2 -2 4 -4 -1 -6
right_child=1 -3 3 -5 5 -7
leaf_value=-0.079264692120328495 -0.48049756977072644 0.60946750551685136 0.20576151135115237 -0.67295982990409864 0.85341595412788929 0.091851611431119085
leaf_weight=130 132 40 160 92 80 104
leaf_count=13 96 4 16 92 80 104
internal_value=-0.000627598 -0.22681 0.0681343 -0.115181 0.215244 0.42325
internal_weight=738 172 566 252 314 184
internal_count=405 100 305 108 197 184
is_linear=0
shrinkage=0.05


Tree=66
num_leaves=7
num_cat=0
split_feature=46 57 51 50 49 9
split_gain=4346.45 6919.17 4813.1 4604.17 8433.17 5886.23
threshold=1.0000000180025095e-35 1.0000000180025095e-35 1.0000000180025095e-35 1.0000000180025095e-35 1.0000000180025095e-35 1.0000000180025095e-35
decision_type=2 2 2 2 2 2
left_child=2 3 -1 4 5 -2
right_child=1 -3 -4 -5 -6 -7
leaf_value=0.10407003591645439 0.9916645857308416 -1.0777007904811879 -0.68464956710587688 -0.53320393593347515 -0.50818891794200571 0.082121925026440945
leaf_weight=514 24 20 20 46 46 68
leaf_count=217 24 2 2 46 46 68
internal_value=-0.00059264 -0.196856 0.0744073 -0.100579 0.043911 0.320213
internal_weight=738 204 534 184 138 92
internal_count=405 186 219 184 138 92
is_linear=0
shrinkage=0.05


Tree=67
num_leaves=7
num_cat=0
split_feature=18 51 9 49 9 50
split_gain=4228.28 4906.99 3969.48 3907.66 3529.57 2782.37
threshold=1.0000000180025095e-35 1.0000000180025095e-35 1.0000000180025095e-35 1.0000000180025095e-35 0.45000000000000007 1.0000000180025095e-35
decision_type=2 2 2 2 2 2
left_child=1 5 -2 4 -4 -1
right_child=2 -3 3 -5 -6 -7
leaf_value=0.25840763551877627 -1.1058770359152614 -0.65058739505597019 0.24011967753173274 -0.47206082893936235 -0.14403333953716371 -0.021354199779439025
leaf_weight=232 9.9999999999999982 20 88 58 186 144
leaf_count=142 1 2 52 49 105 54
internal_value=-0.000574025 0.110635 -0.129337 -0.0995989 -0.0206131 0.151288
internal_weight=738 396 342 332 274 376
internal_count=405 198 207 206 157 196
is_linear=0
shrinkage=0.05


Tree=68
num_leaves=7
num_cat=0
split_feature=46 57 57 49 50 49
split_gain=3879.03 5952.98 4545.72 7460.15 4115.29 7385.08
threshold=1.0000000180025095e-35 1.0000000180025095e-35 1.0000000180025095e-35 1.0000000180025095e-35 1.0000000180025095e-35 1.0000000180025095e-35
decision_type=2 2 2 2 2 2
left_child=2 4 3 -1 5 -2
right_child=1 -3 -4 -5 -6 -7
leaf_value=0.10331417674333054 0.29850453980283226 -1.0030025652985075 0.37402460029670648 -0.41648448828897688 -0.50567599956487619 -0.47671257130753192
leaf_weight=348 92 20 100 86 46 46
leaf_count=159 92 2 10 50 46 46
internal_value=-0.000558168 -0.185969 0.0702944 0.000240384 -0.096664 0.0399408
internal_weight=738 204 534 434 184 138
internal_count=405 186 219 209 184 138
is_linear=0
shrinkage=0.05


Tree=69
num_leaves=7
num_cat=0
split_feature=9 51 50 59 3 49
split_gain=3902.44 4057.28 3915.67 6922.03 4394.64 5060.67
threshold=0.45000000000000007 1.0000000180025095e-35 1.0000000180025095e-35 1.0000000180025095e-35 1.0000000180025095e-35 1.0000000180025095e-35
decision_type=2 2 2 2 2 2
left_child=1 2 4 -4 5 -1
right_child=-2 -3 3 -5 -6 -7
leaf_value=0.76415759613287071 -0.13712883086151564 -0.59749922111852838 0.17148896929426544 -0.5713854490347563 0.04053982956352483 0.1530761402126159
leaf_weight=64 306 20 90 48 138 72
leaf_count=64 189 2 9 48 57 36
internal_value=-0.00054127 0.0962176 0.13003 -0.0871288 0.239394 0.440994
internal_weight=738 432 412 138 274 136
internal_count=405 216 214 57 157 100
is_linear=0
shrinkage=0.05


Tree=70
num_leaves=7
num_cat=0
split_feature=18 51 9 49 9 57
split_gain=3543.04 3790.65 3260.89 3214.73 3072.14 2544.72
threshold=1.0000000180025095e-35 1.0000000180025095e-35 1.0000000180025095e-35 1.0000000180025095e-35 0.45000000000000007 1.0000000180025095e-35
decision_type=2 2 2 2 2 2
left_child=1 -1 -2 4 -4 -6
right_child=2 -3 3 -5 5 -7
leaf_value=0.13701375143598032 -1.0034839894511913 -0.56777289850794854 0.2234633512177614 -0.42925821934632719 -0.1791342426131626 0.63707453661625935
leaf_weight=376 9.9999999999999982 20 88 58 176 9.9999999999999982
leaf_count=196 1 2 52 49 104 1
internal_value=-0.000515405 0.101284 -0.118384 -0.0914299 -0.0197883 -0.134933
internal_weight=738 396 342 332 274 186
internal_count=405 198 207 206 157 105
is_linear=0
shrinkage=0.05


Tree=71
num_leaves=7
num_cat=0
split_feature=46 57 57 49 50 49
split_gain=3433.59 5132.26 3847.22 6241.65 3411.26 6298.21
threshold=1.0000000180025095e-35 1.0000000180025095e-35 1.0000000180025095e-35 1.0000000180025095e-35 1.0000000180025095e-35 1.0000000180025095e-35
decision_type=2 2 2 2 2 2
left_child=2 4 3 -1 5 -2
right_child=1 -3 -4 -5 -6 -7
leaf_value=0.095995762539266061 0.27114181078962346 -0.93356482662371743 0.34558432728617822 -0.37946093899309297 -0.46440125959814244 -0.44476033084563221
leaf_weight=348 92 20 100 86 46 46
leaf_count=159 92 2 10 50 46 46
internal_value=-0.000497646 -0.174938 0.0661628 0.00171513 -0.0920162 0.0323585
internal_weight=738 204 534 434 184 138
internal_count=405 186 219 209 184 138
is_linear=0
shrinkage=0.05


Tree=72
num_leaves=7
num_cat=0
split_feature=9 58 18 51 50 58
split_gain=3263.85 3397.99 3969.23 3123.24 3656.73 6273.38
threshold=0.45000000000000007 1.0000000180025095e-35 0.22500000000000003 1.0000000180025095e-35 1.0000000180025095e-35 1.0000000180025095e-35
decision_type=2 2 2 2 2 2
left_child=3 -2 -3 4 -1 -6
right_child=1 2 -4 -5 5 -7
leaf_value=0.22335792887128211 -0.23291594127588722 0.60119500271109649 -0.10227306511953548 -0.52064681171777827 -0.43390729178766158 0.2399281911264983
leaf_weight=274 216 30 60 20 68 70
leaf_count=157 180 3 6 2 50 7
internal_value=-0.000482983 -0.125396 0.132623 0.0880058 0.117671 -0.0921805
internal_weight=738 306 90 432 412 138
internal_count=405 189 9 216 214 57
is_linear=0
shrinkage=0.05


Tree=73
num_leaves=7
num_cat=0
split_feature=46 57 57 49 9 50
split_gain=3006.49 4811.57 3496.3 5563.31 3077.81 2989.91
threshold=1.0000000180025095e-35 1.0000000180025095e-35 1.0000000180025095e-35 1.0000000180025095e-35 0.22500000000000003 1.0000000180025095e-35
decision_type=2 2 2 2 2 2
left_child=2 4 3 5 -2 -1
right_child=1 -3 -4 -5 -6 -7
leaf_value=0.23768012827713605 0.22549783822261926 -0.89823116473297571 0.3282899704131928 -0.35938856798320429 -0.21862113535415839 -0.055386842617184386
leaf_weight=172 56 20 100 86 128 176
leaf_count=100 56 2 10 50 128 59
internal_value=-0.000460355 -0.163691 0.0619165 0.000478626 -0.0834054 0.089489
internal_weight=738 204 534 434 184 348
internal_count=405 186 219 209 184 159
is_linear=0
shrinkage=0.05


Tree=74
num_leaves=7
num_cat=0
split_feature=18 51 9 9 58 50
split_gain=2902.65 2737.38 2449.05 2549.51 2522.25 2829.24
threshold=1.0000000180025095e-35 1.0000000180025095e-35 1.0000000180025095e-35 0.45000000000000007 1.0000000180025095e-35 1.0000000180025095e-35
decision_type=2 2 2 2 2 2
left_child=1 -1 -2 4 5 -4
right_child=2 -3 3 -5 -6 -7
leaf_value=0.12206043870770465 -0.87418093539700659 -0.47686395597695114 0.16496082510746701 -0.1773229653913167 0.87214751290802917 -0.56298170030487249
leaf_weight=376 9.9999999999999982 20 78 228 9.9999999999999982 15.999999999999998
leaf_count=196 1 2 51 138 1 16
internal_value=-0.000442359 0.091699 -0.107128 -0.0837677 0.121308 0.0405891
internal_weight=738 396 342 332 104 94
internal_count=405 198 207 206 68 67
is_linear=0
shrinkage=0.05


Tree=75
num_leaves=7
num_cat=0
split_feature=46 57 57 49 49 50
split_gain=2640.63 4140.93 3098.29 4913.39 2860.6 5605.86
threshold=1.0000000180025095e-35 1.0000000180025095e-35 1.0000000180025095e-35 1.0000000180025095e-35 1.0000000180025095e-35 1.0000000180025095e-35
decision_type=2 2 2 2 2 2
left_child=2 4 3 -1 5 -2
right_child=1 -3 -4 -5 -6 -7
leaf_value=0.083846556938300704 0.2602428910236535 -0.83483359113854549 0.30878576436838312 -0.33799737023836512 -0.41992996778508851 -0.41516591566503697
leaf_weight=348 92 20 100 86 46 46
leaf_count=159 92 2 10 50 46 46
internal_value=-0.000426551 -0.153404 0.058032 0.000196759 -0.0789221 0.034969
internal_weight=738 204 534 434 184 138
internal_count=405 186 219 209 184 138
is_linear=0
shrinkage=0.05


Tree=76
num_leaves=7
num_cat=0
split_feature=9 58 18 50 58 3
split_gain=2652.79 2996.02 3604.86 2460.17 5459.78 3354.95
threshold=0.45000000000000007 1.0000000180025095e-35 0.22500000000000003 1.0000000180025095e-35 1.0000000180025095e-35 1.0000000180025095e-35
decision_type=2 2 2 2 2 2
left_child=3 -2 -3 5 -5 -1
right_child=1 2 -4 4 -6 -7
leaf_value=0.33106214823908875 -0.21398988296482535 0.57579139379963917 -0.09461346402541175 -0.41354390983189432 0.21508348787392093 -0.0066907658398272134
leaf_weight=146 216 30 60 68 70 148
leaf_count=101 180 3 6 50 7 58
internal_value=-0.000414405 -0.113029 0.129246 0.0793619 -0.0947501 0.161092
internal_weight=738 306 90 432 138 294
internal_count=405 189 9 216 57 159
is_linear=0
shrinkage=0.05


Tree=77
num_leaves=7
num_cat=0
split_feature=9 58 18 51 13 59
split_gain=2394.06 2704.44 3254.44 2277.81 3252.02 4758.64
threshold=0.45000000000000007 1.0000000180025095e-35 0.22500000000000003 1.0000000180025095e-35 1.0000000180025095e-35 1.0000000180025095e-35
decision_type=2 2 2 2 2 2
left_child=3 -2 -3 4 -1 -6
right_child=1 2 -4 -5 5 -7
leaf_value=0.030661402759417301 -0.2032953373732693 0.54709745007891986 -0.089890668872192186 -0.44439253166540338 0.68656681707043377 -0.093698770457710426
leaf_weight=330 216 30 60 20 50 32
leaf_count=177 180 3 6 2 5 32
internal_value=-0.00039102 -0.107373 0.12281 0.0753953 0.100729 0.38233
internal_weight=738 306 90 432 412 82
internal_count=405 189 9 216 214 37
is_linear=0
shrinkage=0.05


Tree=78
num_leaves=7
num_cat=0
split_feature=49 57 50 59 59 9
split_gain=2381.43 8065.63 4207.11 10995.3 5318.54 6895.8
threshold=1.0000000180025095e-35 1.0000000180025095e-35 1.0000000180025095e-35 1.0000000180025095e-35 1.0000000180025095e-35 0.22500000000000003
decision_type=2 2 2 2 2 2
left_child=2 -2 4 -4 -1 -6
right_child=1 -3 3 -5 5 -7
leaf_value=-0.073547123579865328 -0.35169820366800963 0.45797681451735656 0.1474496887893248 -0.53824139676834426 0.80639833137525807 0.14143103654848982
leaf_weight=130 132 40 160 92 56 128
leaf_count=13 96 4 16 92 56 128
internal_value=-0.000368539 -0.163245 0.0491476 -0.102996 0.171244 0.34414
internal_weight=738 172 566 252 314 184
internal_count=405 100 305 108 197 184
is_linear=0
shrinkage=0.05


Tree=79
num_leaves=7
num_cat=0
split_feature=49 57 50 59 59 9
split_gain=2149.27 7280.56 3797.55 9924.27 4800.67 6245.53
threshold=1.0000000180025095e-35 1.0000000180025095e-35 1.0000000180025095e-35 1.0000000180025095e-35 1.0000000180025095e-35 1.0000000180025095e-35
decision_type=2 2 2 2 2 2
left_child=2 -2 4 -4 -1 -6
right_child=1 -3 3 -5 5 -7
leaf_value=-0.069872594447799322 -0.33412660133829636 0.43513514454525315 0.14008180593267819 -0.5113585520774353 0.81668996116971282 0.15363997772806803
leaf_weight=130 132 40 160 92 48 136
leaf_count=13 96 4 16 92 48 136
internal_value=-0.000346114 -0.15508 0.0466945 -0.0978541 0.162696 0.326959
internal_weight=738 172 566 252 314 184
internal_count=405 100 305 108 197 184
is_linear=0
shrinkage=0.05


end of trees

feature_importances:
Column_57=81
Column_49=73
Column_51=71
Column_50=63
Column_46=62
Column_59=44
Column_9=40
Column_13=15
Column_18=14
Column_58=10
Column_10=4
Column_3=2
Column_48=1

parameters:
[boosting: gbdt]
[objective: regression]
[metric: l1]
[tree_learner: serial]
[device_type: cpu]
[data_sample_strategy: bagging]
[data: ]
[valid: ]
[num_iterations: 80]
[learning_rate: 0.05]
[num_leaves: 7]
[num_threads: 2]
[seed: 0]
[deterministic: 0]
[force_col_wise: 0]
[force_row_wise: 0]
[histogram_pool_size: -1]
[max_depth: -1]
[min_data_in_leaf: 2]
[min_sum_hessian_in_leaf: 0.001]
[bagging_fraction: 1]
[pos_bagging_fraction: 1]
[neg_bagging_fraction: 1]
[bagging_freq: 0]
[bagging_seed: 3]
[bagging_by_query: 0]
[feature_fraction: 1]
[feature_fraction_bynode: 1]
[feature_fraction_seed: 2]
[extra_trees: 0]
[extra_seed: 6]
[early_stopping_round: 0]
[early_stopping_min_delta: 0]
[first_metric_only: 0]
[max_delta_step: 0]
[lambda_l1: 0]
[lambda_l2: 0.1]
[linear_lambda: 0]
[min_gain_to_split: 0]
[drop_rate: 0.1]
[max_drop: 50]
[skip_drop: 0.5]
[xgboost_dart_mode: 0]
[uniform_drop: 0]
[drop_seed: 4]
[top_rate: 0.2]
[other_rate: 0.1]
[min_data_per_group: 100]
[max_cat_threshold: 32]
[cat_l2: 10]
[cat_smooth: 10]
[max_cat_to_onehot: 4]
[top_k: 20]
[monotone_constraints: ]
[monotone_constraints_method: basic]
[monotone_penalty: 0]
[feature_contri: ]
[forcedsplits_filename: ]
[refit_decay_rate: 0.9]
[cegb_tradeoff: 1]
[cegb_penalty_split: 0]
[cegb_penalty_feature_lazy: ]
[cegb_penalty_feature_coupled: ]
[path_smooth: 0]
[interaction_constraints: ]
[verbosity: -1]
[saved_feature_importance_type: 0]
[use_quantized_grad: 0]
[num_grad_quant_bins: 4]
[quant_train_renew_leaf: 0]
[stochastic_rounding: 1]
[linear_tree: 0]
[max_bin: 255]
[max_bin_by_feature: ]
[min_data_in_bin: 3]
[bin_construct_sample_cnt: 200000]
[data_random_seed: 1]
[is_enable_sparse: 1]
[enable_bundle: 1]
[use_missing: 1]
[zero_as_missing: 0]
[feature_pre_filter: 0]
[pre_partition: 0]
[two_round: 0]
[header: 0]
[label_column: ]
[weight_column: ]
[group_column: ]
[ignore_column: ]
[categorical_feature: ]
[forcedbins_filename: ]
[precise_float_parser: 0]
[parser_config_file: ]
[objective_seed: 5]
[num_class: 1]
[is_unbalance: 0]
[scale_pos_weight: 1]
[sigmoid: 1]
[boost_from_average: 1]
[reg_sqrt: 0]
[alpha: 0.9]
[fair_c: 1]
[poisson_max_delta_step: 0.7]
[tweedie_variance_power: 1.5]
[lambdarank_truncation_level: 30]
[lambdarank_norm: 1]
[label_gain: ]
[lambdarank_position_bias_regularization: 0]
[eval_at: ]
[multi_error_top_k: 1]
[auc_mu_weights: ]
[num_machines: 1]
[local_listen_port: 12400]
[time_out: 120]
[machine_list_filename: ]
[machines: ]
[gpu_platform_id: -1]
[gpu_device_id: -1]
[gpu_use_dp: 0]
[num_gpu: 1]

end of parameters

pandas_categorical:null
