tree
version=v4
num_class=1
num_tree_per_iteration=1
label_index=0
max_feature_idx=59
objective=regression
feature_names=Column_0 Column_1 Column_2 Column_3 Column_4 Column_5 Column_6 Column_7 Column_8 Column_9 Column_10 Column_11 Column_12 Column_13 Column_14 Column_15 Column_16 Column_17 Column_18 Column_19 Column_20 Column_21 Column_22 Column_23 Column_24 Column_25 Column_26 Column_27 Column_28 Column_29 Column_30 Column_31 Column_32 Column_33 Column_34 Column_35 Column_36 Column_37 Column_38 Column_39 Column_40 Column_41 Column_42 Column_43 Column_44 Column_45 Column_46 Column_47 Column_48 Column_49 Column_50 Column_51 Column_52 Column_53 Column_54 Column_55 Column_56 Column_57 Column_58 Column_59
feature_infos=none none none [0:1] [0:1] [0:1] [0:1] [0:1] none [0:0.80000000000000004] [0:1] none [0:1] [0:1] [0:1] [0:1] [0:1] none [0:0.80000000000000004] none none [0:1] [0:1] [0:1] [0:1] [0:1] none none none [0:1] [0:1] [0:1] [0:1] [0:1] none none none [0:1] [0:1] [0:1] [0:1] [0:1] none [0:1] [0:1] none [0:1] [0:1] [0:1] [0:1] [0:1] [0:1] [0:1] [0:1] [0:1] [0:1] [0:1] [0:1] [0:1] [0:1]
tree_sizes=734 769 769 772 773 779 773 779 776 778 776 781 774 780 782 781 785 787 790 778 767 783 785 772 776 791 773 785 791 774 789 791 793 778 796 785 792 797 792 805 781 785 779 801 787 783 808 788 804 786 786 805 809 787 790 801 801 787 784 778 802 789 803 787 796 788 805 782 788 800 790 807 792 797 790 807 795 798 793 796

Tree=0
num_leaves=7
num_cat=0
split_feature=9 15 13 29 51 4
split_gain=2.45091 3.04924 4.83006 1.66174 0.140044 0.170986
threshold=1.0000000180025095e-35 1.0000000180025095e-35 1.0000000180025095e-35 1.0000000180025095e-35 1.0000000180025095e-35 1.0000000180025095e-35
decision_type=2 2 2 2 2 2
left_child=1 2 3 -1 5 -3
right_child=-2 4 -4 -5 -6 -7
leaf_value=0.32375846488740256 0.32236324146662626 0.32370883090283281 0.35596037661095692 0.33542515799257766 0.32661683269916331 0.31950719814568806
leaf_weight=62 602 124 20 60 30 30
leaf_count=35 305 70 2 6 3 3
internal_value=0.324254 0.327745 0.333247 0.329501 0.323497 0.322888
internal_weight=928 326 142 122 184 154
internal_count=424 119 43 41 76 73
is_linear=0
shrinkage=1


Tree=1
num_leaves=7
num_cat=0
split_feature=9 15 13 29 51 4
split_gain=2.21249 2.75287 4.36172 1.49998 0.12643 0.154374
threshold=1.0000000180025095e-35 1.0000000180025095e-35 1.0000000180025095e-35 1.0000000180025095e-35 1.0000000180025095e-35 1.0000000180025095e-35
decision_type=2 2 2 2 2 2
left_child=1 2 3 -1 5 -3
right_child=-2 4 -4 -5 -6 -7
leaf_value=-0.00047087334936271737 -0.0017963113694649275 -0.00051800768423186118 0.030128870437394324 0.010613454817275141 0.0022450086484319741 -0.0045103252033062554
leaf_weight=62 602 124 20 60 30 30
leaf_count=35 305 70 2 6 3 3
internal_value=2.0239e-07 0.00331722 0.00854481 0.00498466 -0.000719559 -0.00129815
internal_weight=928 326 142 122 184 154
internal_count=424 119 43 41 76 73
is_linear=0
shrinkage=0.05


Tree=2
num_leaves=7
num_cat=0
split_feature=9 15 13 29 51 4
split_gain=1.99725 2.48531 3.93878 1.35397 0.11414 0.139376
threshold=1.0000000180025095e-35 1.0000000180025095e-35 1.0000000180025095e-35 1.0000000180025095e-35 1.0000000180025095e-35 1.0000000180025095e-35
decision_type=2 2 2 2 2 2
left_child=1 2 3 -1 5 -3
right_child=-2 4 -4 -5 -6 -7
leaf_value=-0.00044736758042456833 -0.0017065106618241789 -0.00049212815106443395 0.02862991978279987 0.010083664078482376 0.0021331311262327173 -0.0042855580185734944
leaf_weight=62 602 124 20 60 30 30
leaf_count=35 305 70 2 6 3 3
internal_value=3.84495e-07 0.00315194 0.00811899 0.00473585 -0.000683656 -0.00123341
internal_weight=928 326 142 122 184 154
internal_count=424 119 43 41 76 73
is_linear=0
shrinkage=0.05


Tree=3
num_leaves=7
num_cat=0
split_feature=9 15 13 29 9 51
split_gain=1.80296 2.24375 3.55686 1.22217 0.103175 0.103044
threshold=1.0000000180025095e-35 1.0000000180025095e-35 1.0000000180025095e-35 1.0000000180025095e-35 0.45000000000000007 1.0000000180025095e-35
decision_type=2 2 2 2 2 2
left_child=1 2 3 -1 -2 -3
right_child=4 5 -4 -5 -6 -7
leaf_value=-0.00042503520894357738 -0.00074568178514887061 -0.0011718941382256366 0.027205547883142878 0.0095803207359873317 -0.0021108061693197733 0.0020268289155738295
leaf_weight=62 216 154 20 60 386 30
leaf_count=35 108 73 2 6 197 3
internal_value=5.48077e-07 0.00299489 0.00771438 0.00449945 -0.0016212 -0.000649546
internal_weight=928 326 142 122 602 184
internal_count=424 119 43 41 305 76
is_linear=0
shrinkage=0.05


Tree=4
num_leaves=7
num_cat=0
split_feature=9 15 13 29 9 51
split_gain=1.62761 2.02563 3.21197 1.1032 0.0931172 0.0930199
threshold=1.0000000180025095e-35 1.0000000180025095e-35 1.0000000180025095e-35 1.0000000180025095e-35 0.45000000000000007 1.0000000180025095e-35
decision_type=2 2 2 2 2 2
left_child=1 2 3 -1 -2 -3
right_child=4 5 -4 -5 -6 -7
leaf_value=-0.00040381767707554423 -0.00070841496160416791 -0.0011133373673282453 0.025852037306448711 0.0091021016701907168 -0.002005293211308485 0.0019258239934610765
leaf_weight=62 216 154 20 60 386 30
leaf_count=35 108 73 2 6 197 3
internal_value=7.05758e-07 0.00284571 0.00732994 0.00427485 -0.00154016 -0.000617045
internal_weight=928 326 142 122 602 184
internal_count=424 119 43 41 305 76
is_linear=0
shrinkage=0.05


Tree=5
num_leaves=7
num_cat=0
split_feature=9 15 13 29 18 53
split_gain=1.46932 1.82871 2.90052 0.995816 0.0862785 0.0902252
threshold=1.0000000180025095e-35 1.0000000180025095e-35 1.0000000180025095e-35 1.0000000180025095e-35 0.45000000000000007 1.0000000180025095e-35
decision_type=2 2 2 2 2 2
left_child=1 2 3 -1 -2 -6
right_child=4 -3 -4 -5 5 -7
leaf_value=-0.00038365929143056393 -0.00088179390141677376 -0.0005861707355489167 0.024565865151324674 0.0086477541685501085 -0.0024792403036567705 -0.00014592414376086104
leaf_weight=62 310 184 20 60 242 50
leaf_count=35 175 76 2 6 125 5
internal_value=8.46326e-07 0.00270397 0.00696466 0.00406146 -0.00146318 -0.00207989
internal_weight=928 326 142 122 602 292
internal_count=424 119 43 41 305 130
is_linear=0
shrinkage=0.05


Tree=6
num_leaves=7
num_cat=0
split_feature=43 15 13 29 9 51
split_gain=1.32925 1.86766 2.47656 1.19542 0.10048 0.0955834
threshold=1.0000000180025095e-35 1.0000000180025095e-35 1.0000000180025095e-35 1.0000000180025095e-35 0.45000000000000007 1.0000000180025095e-35
decision_type=2 2 2 2 2 2
left_child=4 2 3 -2 -1 -3
right_child=1 5 -4 -5 -6 -7
leaf_value=-0.00051325146773138178 -0.00036450726206559874 -0.0012391772092753695 0.023343684068366663 0.010020218388049189 -0.0018231259368030061 0.0018590637714759853
leaf_weight=236 62 144 20 50 386 30
leaf_count=110 35 72 2 5 197 3
internal_value=9.58817e-07 0.00269839 0.00718081 0.00427633 -0.00132629 -0.000704237
internal_weight=928 306 132 112 622 174
internal_count=424 117 42 40 307 75
is_linear=0
shrinkage=0.05


Tree=7
num_leaves=7
num_cat=0
split_feature=9 15 13 29 14 51
split_gain=1.20076 1.48701 2.3656 0.810899 0.0781533 0.0753491
threshold=1.0000000180025095e-35 1.0000000180025095e-35 1.0000000180025095e-35 1.0000000180025095e-35 1.0000000180025095e-35 1.0000000180025095e-35
decision_type=2 2 2 2 2 2
left_child=1 2 3 -1 -2 -3
right_child=4 5 -4 -5 -6 -7
leaf_value=-0.00034631125856904787 -0.00087720683127762665 -0.00096885373091867887 0.022182305653889973 0.0078035408937792219 -0.0020519737325729588 0.0017664195394199158
leaf_weight=62 374 154 20 60 228 30
leaf_count=35 167 73 2 6 138 3
internal_value=1.07942e-06 0.00244471 0.00628678 0.00366492 -0.0013224 -0.000522168
internal_weight=928 326 142 122 602 184
internal_count=424 119 43 41 305 76
is_linear=0
shrinkage=0.05


Tree=8
num_leaves=7
num_cat=0
split_feature=43 15 13 29 9 51
split_gain=1.09146 1.53985 2.01058 0.991968 0.0860789 0.0784713
threshold=1.0000000180025095e-35 1.0000000180025095e-35 1.0000000180025095e-35 1.0000000180025095e-35 0.45000000000000007 1.0000000180025095e-35
decision_type=2 2 2 2 2 2
left_child=4 2 3 -2 -1 -3
right_child=1 5 -4 -5 -6 -7
leaf_value=-0.00044901070627985444 -0.00032902353153760501 -0.0011288522898447672 0.021078707566901819 0.0091308088835603939 -0.001661368907925935 0.0016783918455193605
leaf_weight=236 62 144 20 50 386 30
leaf_count=110 35 72 2 5 197 3
internal_value=1.17358e-06 0.00244546 0.00651554 0.00389849 -0.00120152 -0.000644159
internal_weight=928 306 132 112 622 174
internal_count=424 117 42 40 307 75
is_linear=0
shrinkage=0.05


Tree=9
num_leaves=7
num_cat=0
split_feature=43 15 13 29 18 53
split_gain=0.985337 1.39017 1.81563 0.895438 0.0797674 0.0801469
threshold=1.0000000180025095e-35 1.0000000180025095e-35 1.0000000180025095e-35 1.0000000180025095e-35 0.45000000000000007 1.0000000180025095e-35
decision_type=2 2 2 2 2 2
left_child=4 2 3 -2 -1 -6
right_child=1 -3 -4 -5 5 -7
leaf_value=-0.00060855362861129741 -0.0003125988810822584 -0.00061193494568057341 0.020030016922832128 0.008675180271476091 -0.0021196941190000313 7.9007285027606739e-05
leaf_weight=330 62 174 20 50 242 50
leaf_count=177 35 75 2 5 125 5
internal_value=1.26751e-06 0.00232368 0.0061909 0.00370396 -0.00114146 -0.00174331
internal_weight=928 306 132 112 622 292
internal_count=424 117 42 40 307 130
is_linear=0
shrinkage=0.05


Tree=10
num_leaves=7
num_cat=0
split_feature=43 15 13 29 9 51
split_gain=0.889524 1.25505 1.63958 0.808301 0.0744412 0.0708344
threshold=1.0000000180025095e-35 1.0000000180025095e-35 1.0000000180025095e-35 1.0000000180025095e-35 0.45000000000000007 1.0000000180025095e-35
decision_type=2 2 2 2 2 2
left_child=4 2 3 -2 -1 -3
right_child=1 5 -4 -5 -6 -7
leaf_value=-0.00038463408375937575 -0.0002969941049334316 -0.0010418733278138204 0.019033499618074788 0.008242286786347806 -0.0015120414325753234 0.001625246260055276
leaf_weight=236 62 144 20 50 386 30
leaf_count=110 35 72 2 5 197 3
internal_value=1.33955e-06 0.00220795 0.00588243 0.00351914 -0.00108441 -0.000581356
internal_weight=928 306 132 112 622 174
internal_count=424 117 42 40 307 75
is_linear=0
shrinkage=0.05


Tree=11
num_leaves=7
num_cat=0
split_feature=9 15 13 29 53 18
split_gain=0.804194 0.97828 1.57474 0.535787 0.0681501 0.0802005
threshold=1.0000000180025095e-35 1.0000000180025095e-35 1.0000000180025095e-35 1.0000000180025095e-35 1.0000000180025095e-35 0.45000000000000007
decision_type=2 2 2 2 2 2
left_child=1 2 3 -1 5 -2
right_child=4 -3 -4 -5 -6 -7
leaf_value=-0.00028216829538441323 -0.00071345800671935786 -0.00040522494668516373 0.018086557957663462 0.0063424729269475196 0.00038443610454762039 -0.0019465645560544664
leaf_weight=62 290 184 20 60 70 242
leaf_count=35 173 76 2 6 7 125
internal_value=1.41084e-06 0.00200122 0.00511752 0.00297838 -0.00108169 -0.00127464
internal_weight=928 326 142 122 602 532
internal_count=424 119 43 41 305 298
is_linear=0
shrinkage=0.05


Tree=12
num_leaves=7
num_cat=0
split_feature=43 15 13 29 51 4
split_gain=0.73077 1.03542 1.33069 0.671395 0.0639417 0.110159
threshold=1.0000000180025095e-35 1.0000000180025095e-35 1.0000000180025095e-35 1.0000000180025095e-35 1.0000000180025095e-35 1.0000000180025095e-35
decision_type=2 2 2 2 2 2
left_child=-1 2 3 -2 5 -3
right_child=1 4 -4 -5 -6 -7
leaf_value=-0.00098264875530291182 -0.00026808259483792739 -0.00025897330582455314 0.01718672946910953 0.007514504972332252 0.0015644478639494936 -0.0036599993507727435
leaf_weight=622 62 114 20 50 30 30
leaf_count=307 35 69 2 5 3 3
internal_value=1.45597e-06 0.00200149 0.005339 0.00320989 -0.000532022 -0.000969569
internal_weight=928 306 132 112 174 144
internal_count=424 117 42 40 75 72
is_linear=0
shrinkage=0.05


Tree=13
num_leaves=7
num_cat=0
split_feature=43 15 13 29 9 51
split_gain=0.659692 0.934799 1.20166 0.60606 0.0626706 0.0577264
threshold=1.0000000180025095e-35 1.0000000180025095e-35 1.0000000180025095e-35 1.0000000180025095e-35 0.45000000000000007 1.0000000180025095e-35
decision_type=2 2 2 2 2 2
left_child=4 2 3 -2 -1 -3
right_child=1 5 -4 -5 -6 -7
leaf_value=-0.00029148561256744004 -0.00025470007732870497 -0.00092122617186067178 0.01633166792380869 0.0071395287018812112 -0.0013258888038119884 0.0014864852856163963
leaf_weight=236 62 144 20 50 386 30
leaf_count=110 35 72 2 5 197 3
internal_value=1.49675e-06 0.00190178 0.00507298 0.00304972 -0.000933524 -0.000505488
internal_weight=928 306 132 112 622 174
internal_count=424 117 42 40 307 75
is_linear=0
shrinkage=0.05


Tree=14
num_leaves=7
num_cat=0
split_feature=9 15 13 29 53 18
split_gain=0.595863 0.713707 1.16073 0.392342 0.0618419 0.0698404
threshold=1.0000000180025095e-35 1.0000000180025095e-35 1.0000000180025095e-35 1.0000000180025095e-35 1.0000000180025095e-35 0.45000000000000007
decision_type=2 2 2 2 2 2
left_child=1 2 3 -1 5 -2
right_child=4 -3 -4 -5 -6 -7
leaf_value=-0.00024198554756176837 -0.00059093573994331659 -0.00033250511388685446 0.015519146895527245 0.005426907970782326 0.00046574781926484327 -0.0017415880187514991
leaf_weight=62 290 184 20 60 70 242
leaf_count=35 173 76 2 6 7 125
internal_value=1.54136e-06 0.00172294 0.00438469 0.00254816 -0.000930776 -0.00111458
internal_weight=928 326 142 122 602 532
internal_count=424 119 43 41 305 298
is_linear=0
shrinkage=0.05


Tree=15
num_leaves=7
num_cat=0
split_feature=43 15 13 29 9 51
split_gain=0.541963 0.771938 0.974977 0.503912 0.0528436 0.0521094
threshold=1.0000000180025095e-35 1.0000000180025095e-35 1.0000000180025095e-35 1.0000000180025095e-35 0.45000000000000007 1.0000000180025095e-35
decision_type=2 2 2 2 2 2
left_child=4 2 3 -2 -1 -3
right_child=1 5 -4 -5 -6 -7
leaf_value=-0.00025637792578193469 -0.00022990576287014667 -0.00085858315213904626 0.014747050271105412 0.0065124611892624059 -0.0012062184690630241 0.0014289780411609384
leaf_weight=236 62 144 20 50 386 30
leaf_count=110 35 72 2 5 197 3
internal_value=1.56394e-06 0.00172396 0.0046057 0.0027832 -0.000845928 -0.000463582
internal_weight=928 306 132 112 622 174
internal_count=424 117 42 40 307 75
is_linear=0
shrinkage=0.05


Tree=16
num_leaves=7
num_cat=0
split_feature=43 15 13 29 53 18
split_gain=0.489267 0.696899 0.880442 0.454875 0.0527791 0.0692449
threshold=1.0000000180025095e-35 1.0000000180025095e-35 1.0000000180025095e-35 1.0000000180025095e-35 1.0000000180025095e-35 0.45000000000000007
decision_type=2 2 2 2 2 2
left_child=4 2 3 -2 5 -1
right_child=1 -3 -4 -5 -6 -7
leaf_value=-0.00047261373218604246 -0.00021842898929944554 -0.00044038635451241798 0.014013366319646881 0.006187487981038655 0.00048916875125678226 -0.0016013205863877004
leaf_weight=310 62 174 20 50 70 242
leaf_count=175 35 75 2 5 7 125
internal_value=1.59423e-06 0.00163811 0.00437621 0.00264432 -0.000803643 -0.000967646
internal_weight=928 306 132 112 622 552
internal_count=424 117 42 40 307 300
is_linear=0
shrinkage=0.05


Tree=17
num_leaves=7
num_cat=0
split_feature=43 6 22 58 52 29
split_gain=0.44169 0.631225 0.81326 0.414067 0.536469 1.03913
threshold=1.0000000180025095e-35 1.0000000180025095e-35 1.0000000180025095e-35 1.0000000180025095e-35 1.0000000180025095e-35 1.0000000180025095e-35
decision_type=2 2 2 2 2 2
left_child=-1 2 3 4 5 -2
right_child=1 -3 -4 -5 -6 -7
leaf_value=-0.00076347387928304283 -4.1670196926367255e-05 -0.00055667090682014328 0.013316185320194679 -0.0026364423012812666 -0.0067647441779032803 0.011211523279882132
leaf_weight=622 42 164 20 30 9.9999999999999982 40
leaf_count=307 33 74 2 3 1 4
internal_value=1.61132e-06 0.00155653 0.00399579 0.00245821 0.00412056 0.00545466
internal_weight=928 306 142 122 92 82
internal_count=424 117 43 41 38 37
is_linear=0
shrinkage=0.05


Tree=18
num_leaves=7
num_cat=0
split_feature=9 15 13 58 52 29
split_gain=0.399828 0.480448 0.768184 0.338563 0.455968 0.817268
threshold=1.0000000180025095e-35 1.0000000180025095e-35 1.0000000180025095e-35 1.0000000180025095e-35 1.0000000180025095e-35 1.0000000180025095e-35
decision_type=2 2 2 2 2 2
left_child=1 2 3 4 5 -1
right_child=-2 -3 -4 -5 -6 -7
leaf_value=-3.9591607715129285e-05 -0.00076210276122249667 -0.00027474351803985129 0.012653687700110289 -0.0025050582927326824 -0.0064298563664502446 0.0099402332766692237
leaf_weight=42 602 184 20 30 9.9999999999999982 40
leaf_count=33 305 76 2 3 1 4
internal_value=1.60491e-06 0.00141169 0.00359558 0.0021015 0.00360472 0.00483479
internal_weight=928 326 142 122 92 82
internal_count=424 119 43 41 38 37
is_linear=0
shrinkage=0.05


Tree=19
num_leaves=7
num_cat=0
split_feature=43 15 13 58 29 53
split_gain=0.367411 0.540452 0.636342 0.368939 0.586887 0.0483346
threshold=1.0000000180025095e-35 1.0000000180025095e-35 1.0000000180025095e-35 1.0000000180025095e-35 1.0000000180025095e-35 1.0000000180025095e-35
decision_type=2 2 2 2 2 2
left_child=5 2 3 4 -2 -1
right_child=1 -3 -4 -5 -6 -7
leaf_value=-0.00085315101011964082 -3.761676031733352e-05 -0.00041063003871099902 0.012024151152046164 -0.0023802214107194611 0.0084194022223836457 0.00054091521765978299
leaf_weight=552 42 174 20 30 40 70
leaf_count=300 33 75 2 3 4 7
internal_value=1.59243e-06 0.00141975 0.003831 0.00235852 0.00409299 -0.000696201
internal_weight=928 306 132 112 82 622
internal_count=424 117 42 40 37 307
is_linear=0
shrinkage=0.05


Tree=20
num_leaves=7
num_cat=0
split_feature=9 6 22 52 58 51
split_gain=0.33435 0.331632 0.690175 0.224115 0.317265 0.466518
threshold=0.22500000000000003 1.0000000180025095e-35 1.0000000180025095e-35 1.0000000180025095e-35 1.0000000180025095e-35 1.0000000180025095e-35
decision_type=2 2 2 2 2 2
left_child=1 2 3 4 5 -1
right_child=-2 -3 -4 -5 -6 -7
leaf_value=0.0054719528840144653 -0.00077464699181126 -0.00029946625554078761 0.011425934027676559 -0.0033427429343782255 -0.0022616056041587823 -0.0018087992586962804
leaf_weight=82 556 190 20 20 30 30
leaf_count=37 286 91 2 2 3 3
internal_value=1.60603e-06 0.00116171 0.00268644 0.0016011 0.00229928 0.00352188
internal_weight=928 372 182 162 142 112
internal_count=424 138 47 45 43 40
is_linear=0
shrinkage=0.05


Tree=21
num_leaves=7
num_cat=0
split_feature=43 15 7 51 53 18
split_gain=0.307363 0.449612 0.532196 0.931523 0.0446683 0.0598378
threshold=1.0000000180025095e-35 1.0000000180025095e-35 1.0000000180025095e-35 1.0000000180025095e-35 1.0000000180025095e-35 0.45000000000000007
decision_type=2 2 2 2 2 2
left_child=4 2 3 -2 5 -1
right_child=1 -3 -4 -5 -6 -7
leaf_value=-0.00032740996030911019 0.0091662439649394661 -0.00037081089429236364 -0.00044006514657939463 -0.0032777498610577177 0.0005525851226312119 -0.0013765848731450531
leaf_weight=310 60 174 52 20 70 242
leaf_count=175 6 75 34 2 7 125
internal_value=1.57107e-06 0.00129867 0.00349796 0.00605504 -0.000636658 -0.00078754
internal_weight=928 306 132 80 622 552
internal_count=424 117 42 8 307 300
is_linear=0
shrinkage=0.05


Tree=22
num_leaves=7
num_cat=0
split_feature=43 6 22 52 29 51
split_gain=0.277423 0.406081 0.486807 0.342095 0.473456 1.20502
threshold=1.0000000180025095e-35 1.0000000180025095e-35 1.0000000180025095e-35 1.0000000180025095e-35 1.0000000180025095e-35 1.0000000180025095e-35
decision_type=2 2 2 2 2 2
left_child=-1 2 3 4 -2 -6
right_child=1 -3 -4 -5 5 -7
leaf_value=-0.00060483415359132656 -0.00012756874499881518 -0.00046111304581955326 0.01040144820711506 -0.0068166409388627155 0.012729949333343 -0.0030910306012452539
leaf_weight=622 62 164 20 9.9999999999999982 30 20
leaf_count=307 35 74 2 1 3 2
internal_value=1.51363e-06 0.00123382 0.00319029 0.00200059 0.00279322 0.00640802
internal_weight=928 306 142 122 112 50
internal_count=424 117 43 41 40 5
is_linear=0
shrinkage=0.05


Tree=23
num_leaves=7
num_cat=0
split_feature=9 6 22 58 52 51
split_gain=0.252421 0.243374 0.517587 0.221187 0.283127 0.367837
threshold=0.22500000000000003 1.0000000180025095e-35 1.0000000180025095e-35 1.0000000180025095e-35 1.0000000180025095e-35 1.0000000180025095e-35
decision_type=2 2 2 2 2 2
left_child=1 2 3 4 5 -1
right_child=-2 -3 -4 -5 -6 -7
leaf_value=0.0049664711559261679 -0.00067297097950680743 -0.00024224054225098769 0.0098839624604182465 -0.0024937669718730886 -0.0032116951819379531 -0.0014987936942680335
leaf_weight=82 556 190 20 30 20 30
leaf_count=37 286 91 2 3 2 3
internal_value=1.50274e-06 0.0010095 0.00231567 0.00137579 0.00225646 0.00323491
internal_weight=928 372 182 162 132 112
internal_count=424 138 47 45 42 40
is_linear=0
shrinkage=0.05


Tree=24
num_leaves=7
num_cat=0
split_feature=43 6 58 51 7 13
split_gain=0.232321 0.341854 0.427329 0.545784 1.13202 0.0549379
threshold=1.0000000180025095e-35 1.0000000180025095e-35 1.0000000180025095e-35 1.0000000180025095e-35 1.0000000180025095e-35 1.0000000180025095e-35
decision_type=2 2 2 2 2 2
left_child=-1 2 3 4 -2 -3
right_child=1 5 -4 -5 -6 -7
leaf_value=-0.00055341158535890194 0.011144515283093482 0.0003250752600378886 -0.0023694927293646376 -0.0014241029356801232 -0.00089145998392149673 -0.0015399551157150616
leaf_weight=622 50 98 30 30 32 66
leaf_count=307 5 53 3 3 32 21
internal_value=1.46388e-06 0.00112916 0.00292426 0.00434308 0.00645218 -0.000425967
internal_weight=928 306 142 112 82 164
internal_count=424 117 43 40 37 74
is_linear=0
shrinkage=0.05


Tree=25
num_leaves=7
num_cat=0
split_feature=43 6 52 7 51 13
split_gain=0.209694 0.308574 0.404521 0.537481 1.06231 0.0495889
threshold=1.0000000180025095e-35 1.0000000180025095e-35 1.0000000180025095e-35 1.0000000180025095e-35 1.0000000180025095e-35 1.0000000180025095e-35
decision_type=2 2 2 2 2 2
left_child=-1 2 3 4 -2 -3
right_child=1 5 -4 -5 -6 -7
leaf_value=-0.00052574543771779364 0.010539647942769551 0.0003088380681933735 -0.0068718968051494946 -0.00044353750325210262 -0.0013531344475540212 -0.0014630739271370259
leaf_weight=622 50 98 9.9999999999999982 52 30 66
leaf_count=307 5 53 1 34 3 21
internal_value=1.41595e-06 0.00107279 0.00277827 0.00351399 0.00608373 -0.000404705
internal_weight=928 306 142 132 80 164
internal_count=424 117 43 42 8 74
is_linear=0
shrinkage=0.05


Tree=26
num_leaves=7
num_cat=0
split_feature=9 6 22 58 52 51
split_gain=0.191014 0.176228 0.361349 0.193171 0.252014 0.294568
threshold=0.22500000000000003 1.0000000180025095e-35 1.0000000180025095e-35 1.0000000180025095e-35 1.0000000180025095e-35 1.0000000180025095e-35
decision_type=2 2 2 2 2 2
left_child=1 2 3 4 5 -1
right_child=-2 -3 -4 -5 -6 -7
leaf_value=0.004500064658552373 -0.00058538036702632517 -0.00018696421657291232 0.0083134091315577863 -0.0024117535827959894 -0.0031313484914563781 -0.0012857025346882716
leaf_weight=82 556 190 20 30 20 30
leaf_count=37 286 91 2 3 2 3
internal_value=1.34617e-06 0.000878203 0.00198968 0.00120433 0.00202737 0.00295054
internal_weight=928 372 182 162 132 112
internal_count=424 138 47 45 42 40
is_linear=0
shrinkage=0.05


Tree=27
num_leaves=7
num_cat=0
split_feature=43 6 58 52 7 51
split_gain=0.175707 0.260368 0.357281 0.463056 0.65024 1.61531
threshold=1.0000000180025095e-35 1.0000000180025095e-35 1.0000000180025095e-35 1.0000000180025095e-35 1.0000000180025095e-35 1.0000000180025095e-35
decision_type=2 2 2 2 2 2
left_child=-1 2 3 4 5 -2
right_child=1 -3 -4 -5 -6 -7
leaf_value=-0.00048124635684977017 0.01411452168538386 -0.00037516286825939408 -0.0022915664416710006 -0.0063766872528756031 -0.0010492203762969496 -0.0012216311059520886
leaf_weight=622 40 164 30 9.9999999999999982 32 30
leaf_count=307 4 74 3 1 32 3
internal_value=1.30694e-06 0.00098202 0.00254863 0.003846 0.00485349 0.00754952
internal_weight=928 306 142 112 102 70
internal_count=424 117 43 40 39 7
is_linear=0
shrinkage=0.05


Tree=28
num_leaves=7
num_cat=0
split_feature=43 6 58 52 7 51
split_gain=0.158587 0.235003 0.322515 0.418201 0.586997 1.45821
threshold=1.0000000180025095e-35 1.0000000180025095e-35 1.0000000180025095e-35 1.0000000180025095e-35 1.0000000180025095e-35 1.0000000180025095e-35
decision_type=2 2 2 2 2 2
left_child=-1 2 3 4 5 -2
right_child=1 -3 -4 -5 -6 -7
leaf_value=-0.00045718788252598497 0.013410555156983639 -0.00035641619244375876 -0.0021773688742686742 -0.0060610092512451783 -0.00099692277819196759 -0.0011607522881308266
leaf_weight=622 40 164 30 9.9999999999999982 32 30
leaf_count=307 4 74 3 1 32 3
internal_value=1.25409e-06 0.000932965 0.00242131 0.00365394 0.00461139 0.00717296
internal_weight=928 306 142 112 102 70
internal_count=424 117 43 40 39 7
is_linear=0
shrinkage=0.05


Tree=29
num_leaves=7
num_cat=0
split_feature=9 58 6 52 7 51
split_gain=0.144553 0.128172 0.195054 0.240154 0.294644 0.550516
threshold=0.22500000000000003 1.0000000180025095e-35 1.0000000180025095e-35 1.0000000180025095e-35 1.0000000180025095e-35 1.0000000180025095e-35
decision_type=2 2 2 2 2 2
left_child=1 2 3 4 5 -1
right_child=-2 -3 -4 -5 -6 -7
leaf_value=0.0069875700688906313 -0.00050920332042824271 -0.0013508048844515981 -4.7696458971561832e-05 -0.0026428204641413336 -0.00094723190845358784 -0.0011029076140584343
leaf_weight=70 556 60 160 20 32 30
leaf_count=7 286 6 88 2 32 3
internal_value=1.20328e-06 0.000764001 0.001171 0.00245302 0.00322653 0.00456175
internal_weight=928 372 312 152 132 100
internal_count=424 138 132 44 42 10
is_linear=0
shrinkage=0.05


Tree=30
num_leaves=7
num_cat=0
split_feature=43 6 58 52 7 51
split_gain=0.137803 0.20151 0.275383 0.360272 0.499893 1.24077
threshold=1.0000000180025095e-35 1.0000000180025095e-35 1.0000000180025095e-35 1.0000000180025095e-35 1.0000000180025095e-35 1.0000000180025095e-35
decision_type=2 2 2 2 2 2
left_child=-1 2 3 4 5 -2
right_child=1 -3 -4 -5 -6 -7
leaf_value=-0.00042620180216626112 0.012393193054674867 -0.00032431143265056368 -0.0020015463975576863 -0.0056301266840188815 -0.00090001788094779044 -0.0010479453493194325
leaf_weight=622 40 164 30 9.9999999999999982 32 30
leaf_count=307 4 74 3 1 32 3
internal_value=1.14518e-06 0.00086966 0.00224787 0.00338688 0.00427555 0.00663943
internal_weight=928 306 142 112 102 70
internal_count=424 117 43 40 39 7
is_linear=0
shrinkage=0.05


Tree=31
num_leaves=7
num_cat=0
split_feature=43 6 58 52 7 51
split_gain=0.124376 0.181879 0.248587 0.325373 0.451273 1.12009
threshold=1.0000000180025095e-35 1.0000000180025095e-35 1.0000000180025095e-35 1.0000000180025095e-35 1.0000000180025095e-35 1.0000000180025095e-35
decision_type=2 2 2 2 2 2
left_child=-1 2 3 4 5 -2
right_child=1 -3 -4 -5 -6 -7
leaf_value=-0.00040489511373947618 0.011775078321632899 -0.00030810571561404603 -0.0019018013413958377 -0.0053514076931641839 -0.00085515713441037698 -0.0009957220269200017
leaf_weight=622 40 164 30 9.9999999999999982 32 30
leaf_count=307 4 74 3 1 32 3
internal_value=1.09905e-06 0.000826218 0.00213558 0.00321775 0.00406228 0.00630827
internal_weight=928 306 142 112 102 70
internal_count=424 117 43 40 39 7
is_linear=0
shrinkage=0.05


Tree=32
num_leaves=7
num_cat=0
split_feature=9 58 6 43 52 7
split_gain=0.114751 0.102429 0.1342 0.169281 0.293856 0.407382
threshold=0.35000000000000009 1.0000000180025095e-35 1.0000000180025095e-35 1.0000000180025095e-35 1.0000000180025095e-35 1.0000000180025095e-35
decision_type=2 2 2 2 2 2
left_child=1 2 3 -1 5 -5
right_child=-2 -3 -4 4 -6 -7
leaf_value=0.00019615547514436273 -0.00060769379733792699 -0.0010198799006384566 -5.8481656645665446e-05 0.0059936208578727397 -0.0050864868825024898 -0.00081253249047329862
leaf_weight=96 422 90 208 70 9.9999999999999982 32
leaf_count=24 215 9 136 7 1 32
internal_value=1.05462e-06 0.000508766 0.000839648 0.00173737 0.00305707 0.00385965
internal_weight=928 506 416 208 112 102
internal_count=424 209 200 64 40 39
is_linear=0
shrinkage=0.05


Tree=33
num_leaves=7
num_cat=0
split_feature=9 58 6 43 51 7
split_gain=0.103563 0.0924482 0.121117 0.152775 0.282556 0.566341
threshold=0.35000000000000009 1.0000000180025095e-35 1.0000000180025095e-35 1.0000000180025095e-35 1.0000000180025095e-35 1.0000000180025095e-35
decision_type=2 2 2 2 2 2
left_child=1 2 3 -1 5 -5
right_child=-2 -3 -4 4 -6 -7
leaf_value=0.00018635789866672595 -0.00057731627514667489 -0.00096894254066571021 -5.5558983895715984e-05 0.007740778123547217 -0.0012447870648976576 -0.00077203243413818219
leaf_weight=96 422 90 208 50 30 32
leaf_count=24 215 9 136 5 3 32
internal_value=9.94396e-07 0.00048332 0.000797668 0.00165051 0.00290422 0.00442181
internal_weight=928 506 416 208 112 82
internal_count=424 209 200 64 40 37
is_linear=0
shrinkage=0.05


Tree=34
num_leaves=7
num_cat=0
split_feature=18 6 58 43 52 51
split_gain=0.0947213 0.069201 0.103114 0.160572 0.282038 0.38051
threshold=0.45000000000000007 1.0000000180025095e-35 1.0000000180025095e-35 1.0000000180025095e-35 1.0000000180025095e-35 1.0000000180025095e-35
decision_type=2 2 2 2 2 2
left_child=1 2 3 -1 5 -5
right_child=-2 -3 -4 4 -6 -7
leaf_value=4.4798224367390932e-05 -0.00074439899640738744 -0.00011637052257947886 -0.00089944610542644083 0.0055147669589387244 -0.0052178873874173318 -0.0011827541744194158
leaf_weight=106 292 358 60 72 9.9999999999999982 30
leaf_count=25 130 223 6 36 1 3
internal_value=9.67874e-07 0.000343244 0.00093495 0.00144001 0.00275926 0.00354568
internal_weight=928 636 278 218 112 102
internal_count=424 294 71 65 40 39
is_linear=0
shrinkage=0.05


Tree=35
num_leaves=7
num_cat=0
split_feature=18 58 59 57 18 51
split_gain=0.0854857 0.0624856 0.107032 0.154012 0.208146 0.531971
threshold=0.45000000000000007 1.0000000180025095e-35 1.0000000180025095e-35 1.0000000180025095e-35 1.0000000180025095e-35 1.0000000180025095e-35
decision_type=2 2 2 2 2 2
left_child=1 2 3 4 5 -1
right_child=-2 -3 -4 -5 -6 -7
leaf_value=0.007186435772749241 -0.0007071917795616647 -0.00065135058311947402 -0.00014138439704661506 -0.0011673486399317455 0.00031950026676133206 -0.00010335146488543755
leaf_weight=50 292 130 256 50 100 50
leaf_count=5 130 13 256 5 10 5
internal_value=9.05463e-07 0.000326067 0.000577261 0.00131292 0.00193326 0.00354508
internal_weight=928 636 506 250 200 100
internal_count=424 294 281 25 20 10
is_linear=0
shrinkage=0.05


Tree=36
num_leaves=7
num_cat=0
split_feature=18 57 53 58 59 57
split_gain=0.0771595 0.0566775 0.0606621 0.0564015 0.0966146 0.139025
threshold=0.45000000000000007 1.0000000180025095e-35 1.0000000180025095e-35 1.0000000180025095e-35 1.0000000180025095e-35 1.0000000180025095e-35
decision_type=2 2 2 2 2 2
left_child=3 2 -2 4 5 -1
right_child=1 -3 -4 -5 -6 -7
leaf_value=0.0018367782022910143 -0.0012151899654040839 0.0018909257739337521 0.00071138449890646867 -0.00061880809370912248 -0.00013431793184967675 -0.0011090974726838743
leaf_weight=200 222 20 50 130 256 50
leaf_count=20 123 2 5 13 256 5
internal_value=8.85745e-07 -0.000671844 -0.000860909 0.000309806 0.000548458 0.0012474
internal_weight=928 292 272 636 506 250
internal_count=424 130 128 294 281 25
is_linear=0
shrinkage=0.05


Tree=37
num_leaves=7
num_cat=0
split_feature=9 58 3 18 51 52
split_gain=0.0707206 0.0659114 0.0961293 0.161663 0.40002 0.693849
threshold=0.35000000000000009 1.0000000180025095e-35 1.0000000180025095e-35 1.0000000180025095e-35 1.0000000180025095e-35 1.0000000180025095e-35
decision_type=2 2 2 2 2 2
left_child=1 2 -1 4 5 -4
right_child=-2 -3 3 -5 -6 -7
leaf_value=-2.5418231301319962e-05 -0.00047704648668662661 -0.00082681258645122635 0.0094356343273971216 0.00029301192913865748 -0.0012101964202038077 -0.0054062699327374454
leaf_weight=228 422 90 36 112 30 9.9999999999999982
leaf_count=138 215 9 18 40 3 1
internal_value=8.48791e-07 0.000399425 0.000664852 0.00150156 0.00327984 0.00620441
internal_weight=928 506 416 188 76 46
internal_count=424 209 200 62 22 19
is_linear=0
shrinkage=0.05


Tree=38
num_leaves=7
num_cat=0
split_feature=18 57 53 6 58 43
split_gain=0.0649379 0.0512493 0.0549068 0.0461096 0.0710694 0.126505
threshold=0.45000000000000007 1.0000000180025095e-35 1.0000000180025095e-35 1.0000000180025095e-35 1.0000000180025095e-35 1.0000000180025095e-35
decision_type=2 2 2 2 2 2
left_child=3 2 -2 4 5 -1
right_child=1 -3 -4 -5 -6 -7
leaf_value=-5.1792552580567161e-05 -0.0011331891596572242 0.0018205835451534137 0.00069969096137378027 -9.0958220571855843e-05 -0.00075569435312550595 0.0023574922715681778
leaf_weight=106 222 20 50 358 60 112
leaf_count=25 123 2 5 223 6 40
internal_value=8.15923e-07 -0.000616341 -0.000796129 0.000284217 0.000767215 0.00118652
internal_weight=928 292 272 636 278 218
internal_count=424 130 128 294 71 65
is_linear=0
shrinkage=0.05


Tree=39
num_leaves=7
num_cat=0
split_feature=18 57 53 54 6 58
split_gain=0.0586048 0.0462696 0.0495588 0.044909 0.0561518 0.0781155
threshold=0.45000000000000007 1.0000000180025095e-35 1.0000000180025095e-35 1.0000000180025095e-35 1.0000000180025095e-35 1.0000000180025095e-35
decision_type=2 2 2 2 2 2
left_child=3 2 -2 4 5 -1
right_child=1 -3 -4 -5 -6 -7
leaf_value=0.0013288438948053029 -0.0010765552099748863 0.0017300073187149581 0.00066477623201177986 -0.0030376400687907004 -8.6411542968636737e-05 -0.00071797239440748973
leaf_weight=208 222 20 50 9.9999999999999982 358 60
leaf_count=64 123 2 5 1 223 6
internal_value=7.90496e-07 -0.0005855 -0.000756331 0.000270018 0.000323332 0.000870505
internal_weight=928 292 272 636 626 268
internal_count=424 130 128 294 293 70
is_linear=0
shrinkage=0.05


Tree=40
num_leaves=7
num_cat=0
split_feature=9 58 59 49 51 18
split_gain=0.0542697 0.0517459 0.0892297 0.129084 0.160542 0.345444
threshold=0.35000000000000009 1.0000000180025095e-35 1.0000000180025095e-35 1.0000000180025095e-35 1.0000000180025095e-35 1.0000000180025095e-35
decision_type=2 2 2 2 2 2
left_child=1 2 3 4 5 -1
right_child=-2 -3 -4 -5 -6 -7
leaf_value=0.0050674726211395495 -0.00041789323651602282 -0.00073660620581965949 -0.00026997616874188408 -0.0010468768561909536 -0.0015458738883072356 0.00038561836033894147
leaf_weight=70 422 90 176 50 30 90
leaf_count=7 215 9 176 5 3 9
internal_value=7.44481e-07 0.000349899 0.00058508 0.00121197 0.00180665 0.00243582
internal_weight=928 506 416 240 190 160
internal_count=424 209 200 24 19 16
is_linear=0
shrinkage=0.05


Tree=41
num_leaves=7
num_cat=0
split_feature=18 57 4 59 58 52
split_gain=0.0493148 0.0418539 0.0860681 0.0541011 0.155201 0.156354
threshold=0.35000000000000009 1.0000000180025095e-35 1.0000000180025095e-35 1.0000000180025095e-35 1.0000000180025095e-35 1.0000000180025095e-35
decision_type=2 2 2 2 2 2
left_child=1 3 -3 4 5 -1
right_child=-2 2 -4 -5 -6 -7
leaf_value=0.0024415772807828435 -0.00049217124402872747 0.0014230285710956326 -0.0028035253583394808 -0.00016740943188439653 -0.0004838729036727106 -0.0015084935209877864
leaf_weight=150 328 20 30 240 130 30
leaf_count=15 148 2 3 240 13 3
internal_value=7.15011e-07 0.000270197 -0.00111344 0.000396161 0.000832387 0.00178276
internal_weight=928 600 50 550 310 180
internal_count=424 276 5 271 31 18
is_linear=0
shrinkage=0.05


Tree=42
num_leaves=7
num_cat=0
split_feature=59 58 52 18 48 57
split_gain=0.0455486 0.0942087 0.106847 0.0970554 0.451213 0.100425
threshold=1.0000000180025095e-35 1.0000000180025095e-35 1.0000000180025095e-35 1.0000000180025095e-35 1.0000000180025095e-35 1.0000000180025095e-35
decision_type=2 2 2 2 2 2
left_child=1 2 3 4 5 -1
right_child=-2 -3 -4 -5 -6 -7
leaf_value=0.0019735897861780623 -0.00043138205315396529 -0.00065741755780885454 -0.0012039084873857991 0.00032563792383386193 0.007505344196015418 -0.0010579038641885846
leaf_weight=60 368 180 60 180 30 50
leaf_count=6 368 18 6 18 3 5
internal_value=6.707e-07 0.000284617 0.0007309 0.00109394 0.00208082 0.000595929
internal_weight=928 560 380 320 140 110
internal_count=424 56 38 32 14 11
is_linear=0
shrinkage=0.05


Tree=43
num_leaves=7
num_cat=0
split_feature=18 54 57 53 57 4
split_gain=0.0427487 0.0439993 0.0407551 0.042837 0.0361588 0.0777091
threshold=0.45000000000000007 1.0000000180025095e-35 1.0000000180025095e-35 1.0000000180025095e-35 1.0000000180025095e-35 1.0000000180025095e-35
decision_type=2 2 2 2 2 2
left_child=1 4 3 -2 -1 -6
right_child=2 -3 -4 -5 5 -7
leaf_value=0.00039539295205039105 -0.00095812813326454766 -0.0030433426399042113 0.0016730131201483124 0.0006607668009584773 0.0014048632401138989 -0.0026110953270794945
leaf_weight=576 222 9.9999999999999982 20 50 20 30
leaf_count=288 123 1 2 5 2 3
internal_value=6.71935e-07 0.000230611 -0.000500063 -0.000660404 0.000283389 -0.00100511
internal_weight=928 636 292 272 626 50
internal_count=424 294 130 128 293 5
is_linear=0
shrinkage=0.05


Tree=44
num_leaves=7
num_cat=0
split_feature=59 58 52 18 48 57
split_gain=0.0409408 0.0851049 0.0961109 0.0888034 0.403437 0.0863046
threshold=1.0000000180025095e-35 1.0000000180025095e-35 1.0000000180025095e-35 1.0000000180025095e-35 1.0000000180025095e-35 1.0000000180025095e-35
decision_type=2 2 2 2 2 2
left_child=1 2 3 4 5 -1
right_child=-2 -3 -4 -5 -6 -7
leaf_value=0.0018553376792869631 -0.00040899161821197341 -0.00062553513963716628 -0.0011410287576735319 0.00030340623319446877 0.0071116198733003431 -0.00095497889671021128
leaf_weight=60 368 180 60 180 30 50
leaf_count=6 368 18 6 18 3 5
internal_value=6.24988e-07 0.000269827 0.000693998 0.00103831 0.00198231 0.000578214
internal_weight=928 560 380 320 140 110
internal_count=424 56 38 32 14 11
is_linear=0
shrinkage=0.05


Tree=45
num_leaves=7
num_cat=0
split_feature=59 58 52 18 15 51
split_gain=0.0369564 0.0768208 0.0867589 0.0801729 0.297102 0.757284
threshold=1.0000000180025095e-35 1.0000000180025095e-35 1.0000000180025095e-35 1.0000000180025095e-35 1.0000000180025095e-35 1.0000000180025095e-35
decision_type=2 2 2 2 2 2
left_child=1 2 3 4 5 -1
right_child=-2 -3 -4 -5 -6 -7
leaf_value=0.0085049389009166539 -0.00038854759748184107 -0.00059427573399381442 -0.001084072276726737 0.00028824435132268665 -0.0001120880413591192 -0.0033927722208535491
leaf_weight=40 368 180 60 180 80 20
leaf_count=4 368 18 6 18 8 2
internal_value=6.26775e-07 0.000256394 0.000659393 0.000986529 0.00188348 0.00453999
internal_weight=928 560 380 320 140 60
internal_count=424 56 38 32 14 6
is_linear=0
shrinkage=0.05


Tree=46
num_leaves=7
num_cat=0
split_feature=18 54 57 53 49 51
split_gain=0.035055 0.0402361 0.0349785 0.0353188 0.0294032 0.0680503
threshold=0.45000000000000007 1.0000000180025095e-35 1.0000000180025095e-35 1.0000000180025095e-35 1.0000000180025095e-35 1.0000000180025095e-35
decision_type=2 2 2 2 2 2
left_child=1 4 3 -2 5 -1
right_child=2 -3 -4 -5 -6 -7
leaf_value=0.00058809443303597323 -0.00087171312457622312 -0.0029219719442990749 0.001560343290442851 0.00059827089220463876 -0.00039709547803182325 -0.001865649119366047
leaf_weight=462 222 9.9999999999999982 20 50 134 30
leaf_count=219 123 1 2 5 71 3
internal_value=6.12828e-07 0.000208835 -0.000452829 -0.000601375 0.000259307 0.000438127
internal_weight=928 636 292 272 626 492
internal_count=424 294 130 128 293 222
is_linear=0
shrinkage=0.05


Tree=47
num_leaves=7
num_cat=0
split_feature=59 58 52 18 48 57
split_gain=0.0331007 0.0697981 0.0788201 0.0746292 0.344307 0.0728341
threshold=1.0000000180025095e-35 1.0000000180025095e-35 1.0000000180025095e-35 1.0000000180025095e-35 1.0000000180025095e-35 1.0000000180025095e-35
decision_type=2 2 2 2 2 2
left_child=1 2 3 4 5 -1
right_child=-2 -3 -4 -5 -6 -7
leaf_value=0.0016800999616624513 -0.00036774925828852604 -0.00056823275865431559 -0.0010350249868859467 0.00026486795405955001 0.0065424751205697797 -0.00090158134401439438
leaf_weight=60 368 180 60 180 30 50
leaf_count=6 368 18 6 18 3 5
internal_value=5.64356e-07 0.000242621 0.000626759 0.000938569 0.00180395 0.000506855
internal_weight=928 560 380 320 140 110
internal_count=424 56 38 32 14 11
is_linear=0
shrinkage=0.05


Tree=48
num_leaves=7
num_cat=0
split_feature=18 54 57 53 57 4
split_gain=0.0301125 0.0365509 0.0308044 0.0304721 0.0262692 0.0683695
threshold=0.45000000000000007 1.0000000180025095e-35 1.0000000180025095e-35 1.0000000180025095e-35 1.0000000180025095e-35 1.0000000180025095e-35
decision_type=2 2 2 2 2 2
left_child=1 4 3 -2 -1 -6
right_child=2 -3 -4 -5 5 -7
leaf_value=0.00033712424981573364 -0.00081020355392759022 -0.0027904321651647593 0.0014695368002896284 0.00055520007472314287 0.0014036537995978967 -0.0023630800041249426
leaf_weight=576 222 9.9999999999999982 20 50 20 30
leaf_count=288 123 1 2 5 2 3
internal_value=5.66375e-07 0.000193552 -0.000419695 -0.000559098 0.000241658 -0.000856592
internal_weight=928 636 292 272 626 50
internal_count=424 294 130 128 293 5
is_linear=0
shrinkage=0.05


Tree=49
num_leaves=7
num_cat=0
split_feature=59 58 52 18 48 49
split_gain=0.0297697 0.063079 0.0709248 0.0682263 0.307922 0.063414
threshold=1.0000000180025095e-35 1.0000000180025095e-35 1.0000000180025095e-35 1.0000000180025095e-35 1.0000000180025095e-35 1.0000000180025095e-35
decision_type=2 2 2 2 2 2
left_child=1 2 3 4 5 -1
right_child=-2 -3 -4 -5 -6 -7
leaf_value=0.0015865437773222139 -0.00034876383900285117 -0.00054075747616134007 -0.00098109770931935759 0.00024689405097490149 0.0061996375207489119 -0.00082242017437122073
leaf_weight=60 368 180 60 180 30 50
leaf_count=6 368 18 6 18 3 5
internal_value=5.2621e-07 0.000230081 0.000595261 0.000891043 0.00171847 0.000491808
internal_weight=928 560 380 320 140 110
internal_count=424 56 38 32 14 11
is_linear=0
shrinkage=0.05


Tree=50
num_leaves=7
num_cat=0
split_feature=59 58 52 56 51 49
split_gain=0.0268726 0.056939 0.0640236 0.0655623 0.0867709 0.163677
threshold=1.0000000180025095e-35 1.0000000180025095e-35 1.0000000180025095e-35 1.0000000180025095e-35 1.0000000180025095e-35 1.0000000180025095e-35
decision_type=2 2 2 2 2 2
left_child=1 2 3 4 5 -1
right_child=-2 -3 -4 -5 -6 -7
leaf_value=0.002224448389854119 -0.00033133038193396304 -0.00051373461096755428 -0.00093212448441719461 -0.00081525523654239144 -0.00072450473339495788 -0.0013088160322194088
leaf_weight=180 368 180 60 50 50 40
leaf_count=18 368 18 6 5 5 4
internal_value=5.2867e-07 0.000218628 0.00056558 0.000846603 0.00115454 0.00158173
internal_weight=928 560 380 320 270 220
internal_count=424 56 38 32 27 22
is_linear=0
shrinkage=0.05


Tree=51
num_leaves=7
num_cat=0
split_feature=18 54 57 57 4 59
split_gain=0.0273669 0.035944 0.0267801 0.0243923 0.0519422 0.0306302
threshold=0.45000000000000007 1.0000000180025095e-35 1.0000000180025095e-35 1.0000000180025095e-35 1.0000000180025095e-35 1.0000000180025095e-35
decision_type=2 2 2 2 2 2
left_child=1 3 -2 5 -5 -1
right_child=2 -3 -4 4 -6 -7
leaf_value=0.00065020882738105342 -0.00053013148722716311 -0.0027746354589367858 0.0013613652678864513 0.0011442186524025836 -0.0021391108978626341 -8.3483533122078927e-05
leaf_weight=320 272 9.9999999999999982 20 20 30 256
leaf_count=32 128 1 2 2 3 256
internal_value=4.89296e-07 0.000184467 -0.000400155 0.000232173 -0.000826117 0.000324165
internal_weight=928 636 292 626 50 576
internal_count=424 294 130 293 5 288
is_linear=0
shrinkage=0.05


Tree=52
num_leaves=7
num_cat=0
split_feature=18 54 57 58 3 51
split_gain=0.0246951 0.0324706 0.0241784 0.023351 0.0483785 0.106685
threshold=0.45000000000000007 1.0000000180025095e-35 1.0000000180025095e-35 1.0000000180025095e-35 1.0000000180025095e-35 1.0000000180025095e-35
decision_type=2 2 2 2 2 2
left_child=1 3 -2 4 -1 -6
right_child=2 -3 -4 -5 5 -7
leaf_value=-9.3590137183520135e-05 -0.00050363465818235604 -0.0026372774402693951 0.0012936357464363325 -0.00037572738023898598 0.0013008104779720054 -0.0018863495798206013
leaf_weight=260 272 9.9999999999999982 20 130 206 30
leaf_count=170 128 1 2 13 107 3
internal_value=4.52081e-07 0.000175219 -0.000380133 0.000220561 0.00037689 0.000895036
internal_weight=928 636 292 626 496 236
internal_count=424 294 130 293 280 110
is_linear=0
shrinkage=0.05


Tree=53
num_leaves=7
num_cat=0
split_feature=59 58 52 18 48 57
split_gain=0.0236736 0.0503579 0.0612366 0.0659701 0.265961 0.0582941
threshold=1.0000000180025095e-35 1.0000000180025095e-35 1.0000000180025095e-35 1.0000000180025095e-35 1.0000000180025095e-35 1.0000000180025095e-35
decision_type=2 2 2 2 2 2
left_child=1 2 3 4 5 -1
right_child=-2 -3 -4 -5 -6 -7
leaf_value=0.0015294365646835175 -0.00031106688480832327 -0.0004836185850815301 -0.00093332077911163931 0.00017288437052146387 0.0057845345367228867 -0.00078023996895658755
leaf_weight=60 368 180 60 180 30 50
leaf_count=6 368 18 6 18 3 5
internal_value=4.13828e-07 0.00020512 0.000531406 0.000806248 0.00161987 0.000479828
internal_weight=928 560 380 320 140 110
internal_count=424 56 38 32 14 11
is_linear=0
shrinkage=0.05


Tree=54
num_leaves=7
num_cat=0
split_feature=59 58 52 56 51 49
split_gain=0.0213699 0.0454564 0.0552783 0.0597941 0.0833343 0.137032
threshold=1.0000000180025095e-35 1.0000000180025095e-35 1.0000000180025095e-35 1.0000000180025095e-35 1.0000000180025095e-35 1.0000000180025095e-35
decision_type=2 2 2 2 2 2
left_child=1 2 3 4 5 -1
right_child=-2 -3 -4 -5 -6 -7
leaf_value=0.0020668579514724291 -0.00029551776342459667 -0.00045945110091156658 -0.00088673236062393804 -0.00082098049466719405 -0.00078123709755743332 -0.0011660953115049443
leaf_weight=180 368 180 60 50 50 40
leaf_count=18 368 18 6 5 5 4
internal_value=4.19941e-07 0.000194911 0.000504912 0.000766041 0.00106013 0.00147879
internal_weight=928 560 380 320 270 220
internal_count=424 56 38 32 27 22
is_linear=0
shrinkage=0.05


Tree=55
num_leaves=7
num_cat=0
split_feature=18 54 52 3 58 9
split_gain=0.0223816 0.0318243 0.0210287 0.0325854 0.103854 0.152332
threshold=0.45000000000000007 1.0000000180025095e-35 1.0000000180025095e-35 1.0000000180025095e-35 1.0000000180025095e-35 1.0000000180025095e-35
decision_type=2 2 2 2 2 2
left_child=1 2 3 -1 5 -5
right_child=-2 -3 -4 4 -6 -7
leaf_value=-8.041782327791868e-06 -0.00036193351655081297 -0.0026175972848835561 -0.00089615470517259504 0.0031316352503743374 -0.001977376848694395 0.000183448691531242
leaf_weight=360 292 9.9999999999999982 40 66 30 130
leaf_count=180 130 1 4 21 3 85
internal_value=3.86337e-07 0.000166765 0.000211655 0.000287413 0.000757845 0.0011773
internal_weight=928 636 626 586 226 196
internal_count=424 294 293 289 109 106
is_linear=0
shrinkage=0.05


Tree=56
num_leaves=7
num_cat=0
split_feature=18 54 51 12 3 58
split_gain=0.0201985 0.0287492 0.0234183 0.113778 0.0425765 0.099489
threshold=0.45000000000000007 1.0000000180025095e-35 1.0000000180025095e-35 1.0000000180025095e-35 1.0000000180025095e-35 1.0000000180025095e-35
decision_type=2 2 2 2 2 2
left_child=1 2 4 -4 -1 -6
right_child=-2 -3 3 -5 5 -7
leaf_value=-6.6955874428115784e-05 -0.0003438430298814848 -0.0024880132462718699 0.001111237462176833 -0.0037474898408301435 0.0011989052040870824 -0.0018788365294469948
leaf_weight=340 292 9.9999999999999982 30 20 206 30
leaf_count=178 130 1 3 2 107 3
internal_value=3.53312e-07 0.00015841 0.000201076 -0.000835854 0.000291216 0.000807037
internal_weight=928 636 626 50 576 236
internal_count=424 294 293 5 288 110
is_linear=0
shrinkage=0.05


Tree=57
num_leaves=7
num_cat=0
split_feature=59 58 52 18 48 57
split_gain=0.020964 0.0363835 0.0490635 0.0571574 0.225324 0.0501063
threshold=1.0000000180025095e-35 1.0000000180025095e-35 1.0000000180025095e-35 1.0000000180025095e-35 1.0000000180025095e-35 1.0000000180025095e-35
decision_type=2 2 2 2 2 2
left_child=1 2 3 4 5 -1
right_child=-2 -3 -4 -5 -6 -7
leaf_value=0.0013974165410646387 -0.00029281195622543789 -0.00039249484336519741 -0.00084080105374711328 0.00012676878472886306 0.0053069379638595836 -0.00074390507862715427
leaf_weight=60 368 180 60 180 30 50
leaf_count=6 368 18 6 18 3 5
internal_value=3.0216e-07 0.000192938 0.000470278 0.000716292 0.00147362 0.000424297
internal_weight=928 560 380 320 140 110
internal_count=424 56 38 32 14 11
is_linear=0
shrinkage=0.05


Tree=58
num_leaves=7
num_cat=0
split_feature=59 58 52 51 18 3
split_gain=0.0189239 0.0328425 0.0442897 0.0595468 0.157255 0.894947
threshold=1.0000000180025095e-35 1.0000000180025095e-35 1.0000000180025095e-35 1.0000000180025095e-35 1.0000000180025095e-35 1.0000000180025095e-35
decision_type=2 2 2 2 2 2
left_child=1 2 3 4 5 -1
right_child=-2 -3 -4 -5 -6 -7
leaf_value=9.0167542837145672e-06 -0.00027817533494130052 -0.00037288107740682974 -0.00079883099029990484 -0.00090307307368267086 0.00012043386445417463 0.011978752577482765
leaf_weight=70 368 180 60 50 180 20
leaf_count=7 368 18 6 5 18 2
internal_value=3.11619e-07 0.000183334 0.000446834 0.000680572 0.000974066 0.0026793
internal_weight=928 560 380 320 270 90
internal_count=424 56 38 32 27 9
is_linear=0
shrinkage=0.05


Tree=59
num_leaves=7
num_cat=0
split_feature=59 58 52 51 18 3
split_gain=0.0170861 0.0296516 0.0399852 0.05376 0.142 0.808113
threshold=1.0000000180025095e-35 1.0000000180025095e-35 1.0000000180025095e-35 1.0000000180025095e-35 1.0000000180025095e-35 1.0000000180025095e-35
decision_type=2 2 2 2 2 2
left_child=1 2 3 4 5 -1
right_child=-2 -3 -4 -5 -6 -7
leaf_value=8.5665734110137029e-06 -0.00026427034812616525 -0.00035424735425541729 -0.00075895589359488945 -0.00085800959024124766 0.00011441552766424495 0.011382795091885238
leaf_weight=70 368 180 60 50 180 20
leaf_count=7 368 18 6 5 18 2
internal_value=3.48606e-07 0.000174257 0.000424629 0.000646719 0.000925587 0.002546
internal_weight=928 560 380 320 270 90
internal_count=424 56 38 32 27 9
is_linear=0
shrinkage=0.05


Tree=60
num_leaves=7
num_cat=0
split_feature=18 54 51 29 3 58
split_gain=0.0154337 0.0263816 0.0223218 0.114363 0.036416 0.0922815
threshold=0.35000000000000009 1.0000000180025095e-35 1.0000000180025095e-35 1.0000000180025095e-35 1.0000000180025095e-35 1.0000000180025095e-35
decision_type=2 2 2 2 2 2
left_child=1 2 4 -4 -1 -6
right_child=-2 -3 3 -5 5 -7
leaf_value=-2.6854677710455416e-05 -0.00027535439879833318 -0.0023827461322935505 0.0011368387214765201 -0.0037343334499283214 0.0012745035177894456 -0.0017294116392484139
leaf_weight=340 328 9.9999999999999982 30 20 170 30
leaf_count=178 148 1 3 2 89 3
internal_value=3.81113e-07 0.000151137 0.000194481 -0.000815195 0.000288103 0.000823277
internal_weight=928 600 590 50 540 200
internal_count=424 276 275 5 270 92
is_linear=0
shrinkage=0.05


Tree=61
num_leaves=7
num_cat=0
split_feature=59 58 52 56 51 49
split_gain=0.0164784 0.0253522 0.0376591 0.0506617 0.0680256 0.106934
threshold=1.0000000180025095e-35 1.0000000180025095e-35 1.0000000180025095e-35 1.0000000180025095e-35 1.0000000180025095e-35 1.0000000180025095e-35
decision_type=2 2 2 2 2 2
left_child=1 2 3 4 5 -1
right_child=-2 -3 -4 -5 -6 -7
leaf_value=0.0017866405323851049 -0.00025953884692071349 -0.00031757326320905875 -0.00074600837597880705 -0.00084255372514267877 -0.00077469414936568207 -0.001069232003944473
leaf_weight=180 368 180 60 50 50 40
leaf_count=18 368 18 6 5 5 4
internal_value=3.3115e-07 0.000171119 0.000402627 0.000618162 0.000888877 0.00126714
internal_weight=928 560 380 320 270 220
internal_count=424 56 38 32 27 22
is_linear=0
shrinkage=0.05


Tree=62
num_leaves=7
num_cat=0
split_feature=18 54 57 51 12 49
split_gain=0.0149079 0.0254375 0.0195926 0.0181257 0.10529 0.0309069
threshold=0.45000000000000007 1.0000000180025095e-35 1.0000000180025095e-35 1.0000000180025095e-35 1.0000000180025095e-35 1.0000000180025095e-35
decision_type=2 2 2 2 2 2
left_child=1 3 -2 5 -5 -1
right_child=2 -3 -4 4 -6 -7
leaf_value=0.00043745614400499686 -0.00040658616846942787 -0.0023532362267522531 0.001211243037560686 0.0011368524592580192 -0.0035370498599104623 -0.00048149343766389405
leaf_weight=462 272 9.9999999999999982 20 30 20 114
leaf_count=219 128 1 2 3 2 69
internal_value=3.02599e-07 0.00013609 -0.000295399 0.000176225 -0.000736037 0.000255529
internal_weight=928 636 292 626 50 576
internal_count=424 294 130 293 5 288
is_linear=0
shrinkage=0.05


Tree=63
num_leaves=7
num_cat=0
split_feature=59 58 52 56 51 29
split_gain=0.0149915 0.0234411 0.0346847 0.0464126 0.0591449 0.101549
threshold=1.0000000180025095e-35 1.0000000180025095e-35 1.0000000180025095e-35 1.0000000180025095e-35 1.0000000180025095e-35 1.0000000180025095e-35
decision_type=2 2 2 2 2 2
left_child=1 2 3 4 -1 -6
right_child=-2 -3 -4 -5 5 -7
leaf_value=0.0012044460402259173 -0.00024760296588262131 -0.00030674532687768289 -0.00071656246810606044 -0.00080549216526235176 0.001139777492843197 -0.0034502973010883996
leaf_weight=220 368 180 60 50 30 20
leaf_count=22 368 18 6 5 3 2
internal_value=2.65977e-07 0.000163166 0.000385778 0.000592627 0.00085174 -0.000699475
internal_weight=928 560 380 320 270 50
internal_count=424 56 38 32 27 5
is_linear=0
shrinkage=0.05


Tree=64
num_leaves=7
num_cat=0
split_feature=18 54 57 4 52 9
split_gain=0.0140261 0.0242058 0.0190605 0.03699 0.0185407 0.0305809
threshold=0.45000000000000007 1.0000000180025095e-35 1.0000000180025095e-35 1.0000000180025095e-35 1.0000000180025095e-35 0.27500000000000008
decision_type=2 2 2 2 2 2
left_child=1 2 4 -4 -1 -6
right_child=-2 -3 3 -5 5 -7
leaf_value=0.00032995332401948362 -0.00028658779796728788 -0.0022963654286790604 0.00089856611555488549 -0.0018723258544440285 -0.0021623956475091809 0.00059682455154793767
leaf_weight=536 292 9.9999999999999982 20 30 20 20
leaf_count=284 130 1 2 3 2 2
internal_value=2.35516e-07 0.000131946 0.000171098 -0.000764388 0.000252421 -0.000784738
internal_weight=928 636 626 50 576 40
internal_count=424 294 293 5 288 4
is_linear=0
shrinkage=0.05


Tree=65
num_leaves=7
num_cat=0
split_feature=59 58 56 52 51 12
split_gain=0.0143536 0.0223594 0.030327 0.0423581 0.0552378 0.0934488
threshold=1.0000000180025095e-35 1.0000000180025095e-35 1.0000000180025095e-35 1.0000000180025095e-35 1.0000000180025095e-35 1.0000000180025095e-35
decision_type=2 2 2 2 2 2
left_child=1 2 3 4 -1 -6
right_child=-2 -3 -4 -5 5 -7
leaf_value=0.0011587577116891898 -0.00024233977297550944 -0.00029934677934022764 -0.00076945648415240942 -0.00064997607609644514 0.0010832033655374153 -0.0033200171159867621
leaf_weight=220 368 180 50 60 30 20
leaf_count=22 368 18 5 6 3 2
internal_value=1.97923e-07 0.000159595 0.00037701 0.000550897 0.000817899 -0.000681196
internal_weight=928 560 380 330 270 50
internal_count=424 56 38 33 27 5
is_linear=0
shrinkage=0.05


Tree=66
num_leaves=7
num_cat=0
split_feature=18 54 57 4 59 58
split_gain=0.0131972 0.023018 0.0196649 0.033396 0.0186179 0.0397465
threshold=0.45000000000000007 1.0000000180025095e-35 1.0000000180025095e-35 1.0000000180025095e-35 1.0000000180025095e-35 1.0000000180025095e-35
decision_type=2 2 2 2 2 2
left_child=1 2 4 -4 5 -1
right_child=-2 -3 3 -5 -6 -7
leaf_value=0.00096365621559388521 -0.00027804732566921931 -0.0022400480390775321 0.00079621174442234322 -0.0018367656441622003 -6.9100850724318044e-05 -0.00017071554621969347
leaf_weight=190 292 9.9999999999999982 20 30 256 130
leaf_count=19 130 1 2 3 256 13
internal_value=1.7167e-07 0.000127931 0.00016611 -0.000784088 0.000248714 0.000502908
internal_weight=928 636 626 50 576 320
internal_count=424 294 293 5 288 32
is_linear=0
shrinkage=0.05


Tree=67
num_leaves=7
num_cat=0
split_feature=59 58 52 18 12 51
split_gain=0.012215 0.0188651 0.0280812 0.0444681 0.133448 0.749947
threshold=1.0000000180025095e-35 1.0000000180025095e-35 1.0000000180025095e-35 1.0000000180025095e-35 1.0000000180025095e-35 1.0000000180025095e-35
decision_type=2 2 2 2 2 2
left_child=1 2 3 4 -1 -6
right_child=-2 -3 -4 -5 5 -7
leaf_value=0.00022358224019184935 -0.00022359321115692686 -0.00027436680348692408 -0.00064497332889803638 1.3090683036648785e-05 0.010460495948791504 -0.0032027854551723344
leaf_weight=100 368 180 60 180 20 20
leaf_count=10 368 18 6 18 2 2
internal_value=1.47803e-07 0.000147191 0.000346896 0.000533015 0.001201 0.0036379
internal_weight=928 560 380 320 140 40
internal_count=424 56 38 32 14 4
is_linear=0
shrinkage=0.05


Tree=68
num_leaves=7
num_cat=0
split_feature=56 59 58 52 51 29
split_gain=0.0120811 0.0165704 0.026554 0.0359916 0.0467088 0.0889834
threshold=1.0000000180025095e-35 1.0000000180025095e-35 1.0000000180025095e-35 1.0000000180025095e-35 1.0000000180025095e-35 1.0000000180025095e-35
decision_type=2 2 2 2 2 2
left_child=1 2 3 4 -1 -6
right_child=-2 -3 -4 -5 5 -7
leaf_value=0.0010537278065386008 -0.00075501580527442662 -0.00021241658690336477 -0.00026065610020293721 -0.00061277833344188589 0.0010834497173759232 -0.003213247553033022
leaf_weight=220 50 368 180 60 30 20
leaf_count=22 5 368 18 6 3 2
internal_value=1.74628e-07 4.3262e-05 0.000227757 0.000494163 0.000740285 -0.000638212
internal_weight=928 878 510 330 270 50
internal_count=424 419 51 33 27 5
is_linear=0
shrinkage=0.05


Tree=69
num_leaves=7
num_cat=0
split_feature=18 54 57 4 51 29
split_gain=0.0116098 0.0217522 0.0203171 0.0301506 0.0157634 0.0803461
threshold=0.45000000000000007 1.0000000180025095e-35 1.0000000180025095e-35 1.0000000180025095e-35 1.0000000180025095e-35 1.0000000180025095e-35
decision_type=2 2 2 2 2 2
left_child=1 2 4 -4 -1 -6
right_child=-2 -3 3 -5 5 -7
leaf_value=0.00032172723498518621 -0.00026080084298901545 -0.0021819674437588989 0.00069305145028811786 -0.0018088859181071436 0.0010294572162469757 -0.0030533847079348207
leaf_weight=526 292 9.9999999999999982 20 30 30 20
leaf_count=283 130 1 2 3 3 2
internal_value=1.50198e-07 0.00011998 0.000157095 -0.000808725 0.000241059 -0.000606514
internal_weight=928 636 626 50 576 50
internal_count=424 294 293 5 288 5
is_linear=0
shrinkage=0.05


Tree=70
num_leaves=7
num_cat=0
split_feature=56 59 58 52 51 49
split_gain=0.0110389 0.0158831 0.0253861 0.03369 0.0413424 0.0776373
threshold=1.0000000180025095e-35 1.0000000180025095e-35 1.0000000180025095e-35 1.0000000180025095e-35 1.0000000180025095e-35 1.0000000180025095e-35
decision_type=2 2 2 2 2 2
left_child=1 2 3 4 5 -1
right_child=-2 -3 -4 -5 -6 -7
leaf_value=0.0014580817958303851 -0.00072176731052155975 -0.00020901848441187197 -0.0002556217909076441 -0.00058855725058700001 -0.00057639070078284438 -0.00097524250237424482
leaf_weight=180 50 368 180 60 50 40
leaf_count=18 5 368 18 6 5 4
internal_value=1.14332e-07 4.13013e-05 0.00022193 0.000482411 0.000720534 0.00101542
internal_weight=928 878 510 330 270 220
internal_count=424 419 51 33 27 22
is_linear=0
shrinkage=0.05


Tree=71
num_leaves=7
num_cat=0
split_feature=18 54 57 4 59 58
split_gain=0.0111282 0.0210326 0.018524 0.0245158 0.0148218 0.0314951
threshold=0.45000000000000007 1.0000000180025095e-35 1.0000000180025095e-35 1.0000000180025095e-35 1.0000000180025095e-35 1.0000000180025095e-35
decision_type=2 2 2 2 2 2
left_child=1 2 4 -4 5 -1
right_child=-2 -3 3 -5 -6 -7
leaf_value=0.00087103101354815476 -0.00025538191827730196 -0.0021461314789139401 0.00058602997616155823 -0.0016701419488140117 -4.9488417308555561e-05 -0.0001387584385040469
leaf_weight=190 292 9.9999999999999982 20 30 256 130
leaf_count=19 130 1 2 3 256 13
internal_value=9.85699e-08 0.000117416 0.000153912 -0.000768305 0.000234085 0.000460889
internal_weight=928 636 626 50 576 320
internal_count=424 294 293 5 288 32
is_linear=0
shrinkage=0.05


Tree=72
num_leaves=7
num_cat=0
split_feature=56 59 58 52 51 12
split_gain=0.0105828 0.0138049 0.0218551 0.0314298 0.0397446 0.0749761
threshold=1.0000000180025095e-35 1.0000000180025095e-35 1.0000000180025095e-35 1.0000000180025095e-35 1.0000000180025095e-35 1.0000000180025095e-35
decision_type=2 2 2 2 2 2
left_child=1 2 3 4 -1 -6
right_child=-2 -3 -4 -5 5 -7
leaf_value=0.00096962252176489036 -0.00070673230656249789 -0.00019296433990568946 -0.00023429485623296072 -0.00058391519175988072 0.00098927599993655041 -0.0029547751246400138
leaf_weight=220 50 368 180 60 30 20
leaf_count=22 5 368 18 6 3 2
internal_value=7.85216e-08 4.04056e-05 0.000208803 0.00045049 0.000680489 -0.000591093
internal_weight=928 878 510 330 270 50
internal_count=424 419 51 33 27 5
is_linear=0
shrinkage=0.05


Tree=73
num_leaves=7
num_cat=0
split_feature=18 54 57 4 52 9
split_gain=0.0104431 0.0198971 0.0187405 0.022133 0.0148903 0.0276164
threshold=0.45000000000000007 1.0000000180025095e-35 1.0000000180025095e-35 1.0000000180025095e-35 1.0000000180025095e-35 0.27500000000000008
decision_type=2 2 2 2 2 2
left_child=1 2 4 -4 -1 -6
right_child=-2 -3 3 -5 5 -7
leaf_value=0.00029932834542985265 -0.00024743168968514422 -0.0020878885937209179 0.00050863427160984247 -0.0016352328351169725 -0.0020088541937704702 0.00061309128184223647
leaf_weight=536 292 9.9999999999999982 20 30 20 20
leaf_count=284 130 1 2 3 2 2
internal_value=5.99727e-08 0.000113709 0.000149206 -0.000778382 0.000229847 -0.000699622
internal_weight=928 636 626 50 576 40
internal_count=424 294 293 5 288 4
is_linear=0
shrinkage=0.05


Tree=74
num_leaves=7
num_cat=0
split_feature=56 59 58 52 51 18
split_gain=0.00966661 0.0132391 0.0209128 0.027485 0.037288 0.0729183
threshold=1.0000000180025095e-35 1.0000000180025095e-35 1.0000000180025095e-35 1.0000000180025095e-35 1.0000000180025095e-35 0.27500000000000008
decision_type=2 2 2 2 2 2
left_child=1 2 3 4 5 -1
right_child=-2 -3 -4 -5 -6 -7
leaf_value=0.0020282178389510095 -0.00067548938430176525 -0.00018996309619009961 -0.00022995502948874752 -0.00052742702505255304 -0.00057667131701153438 0.00017724512831693079
leaf_weight=90 50 368 180 60 50 130
leaf_count=9 5 368 18 6 5 13
internal_value=3.24174e-08 3.85743e-05 0.000203485 0.000439904 0.000654983 0.000935039
internal_weight=928 878 510 330 270 220
internal_count=424 419 51 33 27 22
is_linear=0
shrinkage=0.05


Tree=75
num_leaves=7
num_cat=0
split_feature=18 57 4 54 59 58
split_gain=0.00887052 0.0194478 0.0199797 0.0195144 0.0130991 0.0275218
threshold=0.45000000000000007 1.0000000180025095e-35 1.0000000180025095e-35 1.0000000180025095e-35 1.0000000180025095e-35 1.0000000180025095e-35
decision_type=2 2 2 2 2 2
left_child=1 3 -3 4 5 -1
right_child=-2 2 -4 -5 -6 -7
leaf_value=0.00082036596024776377 -0.00022806676777171526 0.00038242273366273337 -0.001654816228289937 -0.0019933020714486003 -4.2836642564269914e-05 -0.0001235861246172356
leaf_weight=190 292 20 30 9.9999999999999982 256 130
leaf_count=19 130 2 3 1 256 13
internal_value=3.08423e-08 0.000104774 -0.000840784 0.000185583 0.00022375 0.000436967
internal_weight=928 636 50 586 576 320
internal_count=424 294 5 289 288 32
is_linear=0
shrinkage=0.05


Tree=76
num_leaves=7
num_cat=0
split_feature=56 59 58 3 52 51
split_gain=0.00927805 0.0115306 0.0180348 0.0271893 0.0257247 0.0358793
threshold=1.0000000180025095e-35 1.0000000180025095e-35 1.0000000180025095e-35 1.0000000180025095e-35 1.0000000180025095e-35 1.0000000180025095e-35
decision_type=2 2 2 2 2 2
left_child=1 2 4 -4 5 -1
right_child=-2 -3 3 -5 -6 -7
leaf_value=0.00089402285556091851 -0.00066179194580112959 -0.00017550832281850015 6.4321207428607923e-05 -0.0015822738112009245 -0.00052460475349039488 -0.00058883175759496327
leaf_weight=220 50 368 150 30 60 50
leaf_count=22 5 368 15 3 6 5
internal_value=1.40019e-08 3.77733e-05 0.000191675 -0.000210837 0.000411225 0.000619304
internal_weight=928 878 510 180 330 270
internal_count=424 419 51 18 33 27
is_linear=0
shrinkage=0.05


Tree=77
num_leaves=7
num_cat=0
split_feature=18 57 54 4 51 29
split_gain=0.0085214 0.019472 0.0185157 0.0180371 0.0133552 0.07133
threshold=0.45000000000000007 1.0000000180025095e-35 1.0000000180025095e-35 1.0000000180025095e-35 1.0000000180025095e-35 1.0000000180025095e-35
decision_type=2 2 2 2 2 2
left_child=1 2 4 -3 -1 -6
right_child=-2 3 -4 -5 5 -7
leaf_value=0.00029494826732208852 -0.0002235644992768703 0.00031891798795159184 -0.0019388824406236706 -0.0016169029216829723 0.00098197145443224042 -0.0028649615262871359
leaf_weight=526 292 20 9.9999999999999982 30 30 20
leaf_count=283 130 2 1 3 3 2
internal_value=-5.72929e-10 0.000102661 0.00018352 -0.000843484 0.000220698 -0.000559449
internal_weight=928 636 586 50 576 50
internal_count=424 294 289 5 288 5
is_linear=0
shrinkage=0.05


Tree=78
num_leaves=7
num_cat=0
split_feature=56 59 58 3 52 51
split_gain=0.00849087 0.011145 0.0173925 0.024817 0.0241916 0.0317464
threshold=1.0000000180025095e-35 1.0000000180025095e-35 1.0000000180025095e-35 1.0000000180025095e-35 1.0000000180025095e-35 1.0000000180025095e-35
decision_type=2 2 2 2 2 2
left_child=1 2 4 -4 5 -1
right_child=-2 -3 3 -5 -6 -7
leaf_value=0.00086319749931153635 -0.00063313682844300947 -0.00017359042461987425 5.5005817916393183e-05 -0.0015181213048011363 -0.00050451352064204895 -0.00053166437098485031
leaf_weight=220 50 368 150 30 60 50
leaf_count=22 5 368 15 3 6 5
internal_value=-2.7741e-08 3.60943e-05 0.000187401 -0.000207879 0.000403006 0.000604789
internal_weight=928 878 510 180 330 270
internal_count=424 419 51 18 33 27
is_linear=0
shrinkage=0.05


Tree=79
num_leaves=7
num_cat=0
split_feature=18 57 54 4 52 9
split_gain=0.00816933 0.0194246 0.0175594 0.0162831 0.012755 0.024938
threshold=0.45000000000000007 1.0000000180025095e-35 1.0000000180025095e-35 1.0000000180025095e-35 1.0000000180025095e-35 0.27500000000000008
decision_type=2 2 2 2 2 2
left_child=1 2 4 -3 -1 -6
right_child=-2 3 -4 -5 5 -7
leaf_value=0.0002817500246332279 -0.00021893629923498575 0.00026010627399629621 -0.0018856307067493404 -0.0015793432825031472 -0.0018869593961914973 0.00060454099925596322
leaf_weight=536 292 20 9.9999999999999982 30 20 20
leaf_count=284 130 2 1 3 2 2
internal_value=-3.95231e-08 0.000100479 0.00018124 -0.000844513 0.000217444 -0.000642808
internal_weight=928 636 586 50 576 40
internal_count=424 294 289 5 288 4
is_linear=0
shrinkage=0.05


end of trees

feature_importances:
Column_51=51
Column_58=50
Column_18=43
Column_52=41
Column_9=29
Column_59=29
Column_57=28
Column_29=26
Column_43=22
Column_13=21
Column_15=21
Column_54=18
Column_6=17
Column_4=16
Column_53=13
Column_56=11
Column_7=10
Column_3=9
Column_49=8
Column_48=6
Column_12=5
Column_22=5
Column_14=1

parameters:
[boosting: gbdt]
[objective: regression]
[metric: l1]
[tree_learner: serial]
[device_type: cpu]
[data_sample_strategy: bagging]
[data: ]
[valid: ]
[num_iterations: 80]
[learning_rate: 0.05]
[num_leaves: 7]
[num_threads: 2]
[seed: 0]
[deterministic: 0]
[force_col_wise: 0]
[force_row_wise: 0]
[histogram_pool_size: -1]
[max_depth: -1]
[min_data_in_leaf: 2]
[min_sum_hessian_in_leaf: 0.001]
[bagging_fraction: 1]
[pos_bagging_fraction: 1]
[neg_bagging_fraction: 1]
[bagging_freq: 0]
[bagging_seed: 3]
[bagging_by_query: 0]
[feature_fraction: 1]
[feature_fraction_bynode: 1]
[feature_fraction_seed: 2]
[extra_trees: 0]
[extra_seed: 6]
[early_stopping_round: 0]
[early_stopping_min_delta: 0]
[first_metric_only: 0]
[max_delta_step: 0]
[lambda_l1: 0]
[lambda_l2: 0.1]
[linear_lambda: 0]
[min_gain_to_split: 0]
[drop_rate: 0.1]
[max_drop: 50]
[skip_drop: 0.5]
[xgboost_dart_mode: 0]
[uniform_drop: 0]
[drop_seed: 4]
[top_rate: 0.2]
[other_rate: 0.1]
[min_data_per_group: 100]
[max_cat_threshold: 32]
[cat_l2: 10]
[cat_smooth: 10]
[max_cat_to_onehot: 4]
[top_k: 20]
[monotone_constraints: ]
[monotone_constraints_method: basic]
[monotone_penalty: 0]
[feature_contri: ]
[forcedsplits_filename: ]
[refit_decay_rate: 0.9]
[cegb_tradeoff: 1]
[cegb_penalty_split: 0]
[cegb_penalty_feature_lazy: ]
[cegb_penalty_feature_coupled: ]
[path_smooth: 0]
[interaction_constraints: ]
[verbosity: -1]
[saved_feature_importance_type: 0]
[use_quantized_grad: 0]
[num_grad_quant_bins: 4]
[quant_train_renew_leaf: 0]
[stochastic_rounding: 1]
[linear_tree: 0]
[max_bin: 255]
[max_bin_by_feature: ]
[min_data_in_bin: 3]
[bin_construct_sample_cnt: 200000]
[data_random_seed: 1]
[is_enable_sparse: 1]
[enable_bundle: 1]
[use_missing: 1]
[zero_as_missing: 0]
[feature_pre_filter: 0]
[pre_partition: 0]
[two_round: 0]
[header: 0]
[label_column: ]
[weight_column: ]
[group_column: ]
[ignore_column: ]
[categorical_feature: ]
[forcedbins_filename: ]
[precise_float_parser: 0]
[parser_config_file: ]
[objective_seed: 5]
[num_class: 1]
[is_unbalance: 0]
[scale_pos_weight: 1]
[sigmoid: 1]
[boost_from_average: 1]
[reg_sqrt: 0]
[alpha: 0.9]
[fair_c: 1]
[poisson_max_delta_step: 0.7]
[tweedie_variance_power: 1.5]
[lambdarank_truncation_level: 30]
[lambdarank_norm: 1]
[label_gain: ]
[lambdarank_position_bias_regularization: 0]
[eval_at: ]
[multi_error_top_k: 1]
[auc_mu_weights: ]
[num_machines: 1]
[local_listen_port: 12400]
[time_out: 120]
[machine_list_filename: ]
[machines: ]
[gpu_platform_id: -1]
[gpu_device_id: -1]
[gpu_use_dp: 0]
[num_gpu: 1]

end of parameters

pandas_categorical:null
