tree
version=v4
num_class=1
num_tree_per_iteration=1
label_index=0
max_feature_idx=50
objective=regression
feature_names=Column_0 Column_1 Column_2 Column_3 Column_4 Column_5 Column_6 Column_7 Column_8 Column_9 Column_10 Column_11 Column_12 Column_13 Column_14 Column_15 Column_16 Column_17 Column_18 Column_19 Column_20 Column_21 Column_22 Column_23 Column_24 Column_25 Column_26 Column_27 Column_28 Column_29 Column_30 Column_31 Column_32 Column_33 Column_34 Column_35 Column_36 Column_37 Column_38 Column_39 Column_40 Column_41 Column_42 Column_43 Column_44 Column_45 Column_46 Column_47 Column_48 Column_49 Column_50
feature_infos=none none none [0:1] [0:1] [0:1] [0:1] [0:1] none [0:0.625] [0:1] none [0:1] [0:1] [0:1] [0:1] [0:1] none [0:0.59999999999999998] none none [0:1] [0:1] [0:1] [0:1] [0:1] none none none [0:1] [0:1] [0:1] [0:1] [0:1] none none none [0:1] [0:1] [0:1] [0:1] [0:1] none [0:1] [0:1] none [0:1] [0:1] [0:1] [0:1] [0:1]
tree_sizes=690 790 789 778 790 780 797 788 794 793 793 794 799 787 795 790 778 812 790 787 795 794 811 792 791 793 795 812 793 809 797 812 809 813 792 784 795 815 786 815 814 783 786 793 796 808 787 778 794 766 827 794 829 764 801 797 819 768 822 795 800 772 832 833 771 799 797 833 800 799 832 836 797 833 814 802 813 839 799 817

Tree=0
num_leaves=6
num_cat=0
split_feature=12 10 9 49 43
split_gain=1.00218e+06 2.43333e+06 54104.1 47611.6 33299.8
threshold=1.0000000180025095e-35 1.0000000180025095e-35 0.27500000000000008 1.0000000180025095e-35 1.0000000180025095e-35
decision_type=2 2 2 2 2
left_child=3 -2 -3 -1 -5
right_child=1 2 -4 4 -6
leaf_value=615.47070160236331 654.42759924124186 605.60633633071018 615.09880410524352 615.10342201919423 608.20032501909623
leaf_weight=15.999999999999998 5.9999999999999973 1.9999999999999998 6 3.0000000000000018 5
leaf_count=16 6 2 6 3 5
internal_value=620.042 630.63 612.577 613.847 610.696
internal_weight=38 14 8 24 8
internal_count=38 14 8 24 8
is_linear=0
shrinkage=1


Tree=1
num_leaves=7
num_cat=0
split_feature=12 10 9 49 6 9
split_gain=905578 2.20052e+06 49164.5 43142.3 34024.4 2941.22
threshold=1.0000000180025095e-35 1.0000000180025095e-35 0.27500000000000008 1.0000000180025095e-35 1.0000000180025095e-35 0.27500000000000008
decision_type=2 2 2 2 2 2
left_child=3 -2 -3 -1 -5 -6
right_child=1 2 -4 4 5 -7
leaf_value=-4.3437524641522707 32.694903264280235 -13.747849600655687 -4.6996867695792774 -14.515755063011515 -7.6878203415289157 -4.7592817034040165
leaf_weight=15.999999999999998 5.9999999999999973 1.9999999999999998 6 2.0000000000000018 4 1.9999999999999998
leaf_count=16 6 2 6 2 4 2
internal_value=-0.000832515 10.0639 -7.10353 -5.8893 -8.8886 -6.80566
internal_weight=38 14 8 24 8 6
internal_count=38 14 8 24 8 6
is_linear=0
shrinkage=0.05


Tree=2
num_leaves=7
num_cat=0
split_feature=12 10 9 49 6 9
split_gain=818530 1.98999e+06 44675.7 39218.3 30919.3 2643.21
threshold=1.0000000180025095e-35 1.0000000180025095e-35 0.27500000000000008 1.0000000180025095e-35 1.0000000180025095e-35 0.27500000000000008
decision_type=2 2 2 2 2 2
left_child=3 -2 -3 -1 -5 -6
right_child=1 2 -4 4 5 -7
leaf_value=-4.1279135875820376 31.086958025322602 -13.0931897844587 -4.4685547625432243 -13.824528830392001 -7.3128048966570596 -4.5326490856352288
leaf_weight=15.999999999999998 5.9999999999999973 1.9999999999999998 6 2.0000000000000018 4 1.9999999999999998
leaf_count=16 6 2 6 2 4 2
internal_value=-0.00302943 9.56571 -6.75974 -5.60133 -8.46081 -6.47558
internal_weight=38 14 8 24 8 6
internal_count=38 14 8 24 8 6
is_linear=0
shrinkage=0.05


Tree=3
num_leaves=7
num_cat=0
split_feature=12 10 9 49 43 31
split_gain=739849 1.7996e+06 40596.5 35650.7 29545 140.404
threshold=1.0000000180025095e-35 1.0000000180025095e-35 0.27500000000000008 1.0000000180025095e-35 1.0000000180025095e-35 1.0000000180025095e-35
decision_type=2 2 2 2 2 2
left_child=3 -2 -3 5 -5 -1
right_child=1 2 -4 4 -6 -7
leaf_value=-3.0157869429815407 29.558091460681364 -12.469704945882157 -4.2487899279985273 -3.9423722297914532 -10.394694384406595 -4.0300659693724716
leaf_weight=1.9999999999999971 5.9999999999999973 1.9999999999999998 6 3.0000000000000018 5 14
leaf_count=2 6 2 6 3 5 14
internal_value=-0.00501362 9.09222 -6.43259 -5.32744 -8.05362 -3.9228
internal_weight=38 14 8 24 8 16
internal_count=38 14 8 24 8 16
is_linear=0
shrinkage=0.05


Tree=4
num_leaves=7
num_cat=0
split_feature=12 10 9 49 6 9
split_gain=668591 1.62742e+06 36889.5 32285.8 28905.4 1685.78
threshold=1.0000000180025095e-35 1.0000000180025095e-35 0.27500000000000008 1.0000000180025095e-35 1.0000000180025095e-35 0.27500000000000008
decision_type=2 2 2 2 2 2
left_child=3 -2 -3 -1 -5 -6
right_child=1 2 -4 4 5 -7
leaf_value=-3.7288482500159219 28.104414642834282 -11.875908987862719 -4.039832818703573 -12.824858801705481 -6.4490241771791039 -4.1290766398111964
leaf_weight=15.999999999999998 5.9999999999999973 1.9999999999999998 6 2.0000000000000018 4 1.9999999999999998
leaf_count=16 6 2 6 2 4 2
internal_value=-0.00588399 8.64217 -6.12128 -5.06551 -7.65979 -5.75608
internal_weight=38 14 8 24 8 6
internal_count=38 14 8 24 8 6
is_linear=0
shrinkage=0.05


Tree=5
num_leaves=7
num_cat=0
split_feature=12 10 9 49 43 31
split_gain=604326 1.47172e+06 33520.9 29350.1 26549 161.012
threshold=1.0000000180025095e-35 1.0000000180025095e-35 0.27500000000000008 1.0000000180025095e-35 1.0000000180025095e-35 1.0000000180025095e-35
decision_type=2 2 2 2 2 2
left_child=3 -2 -3 5 -5 -1
right_child=1 2 -4 4 -6 -7
leaf_value=-2.6946138654436407 26.722229879410548 -11.310389291672475 -3.8411525351102238 -3.4115636887088869 -9.5065138012755153 -3.6448714344214039
leaf_weight=1.9999999999999971 5.9999999999999973 1.9999999999999998 6 3.0000000000000018 5 14
leaf_count=2 6 2 6 3 5 14
internal_value=-0.00755092 8.21438 -5.82504 -4.81786 -7.29124 -3.54356
internal_weight=38 14 8 24 8 16
internal_count=38 14 8 24 8 16
is_linear=0
shrinkage=0.05


Tree=6
num_leaves=7
num_cat=0
split_feature=46 12 9 49 6 9
split_gain=614997 1.07261e+06 1.92517e+06 26579.3 26970.9 979.423
threshold=1.0000000180025095e-35 1.0000000180025095e-35 1.0000000180025095e-35 1.0000000180025095e-35 1.0000000180025095e-35 0.27500000000000008
decision_type=2 2 2 2 2 2
left_child=1 3 -3 -1 -5 -6
right_child=-2 2 -4 4 5 -7
leaf_value=-3.3683544774973613 -26.311987740652899 37.033067441454129 -3.3132394736921285 -11.90657824561708 -5.6707053184509277 -3.769998459588912
leaf_weight=15.999999999999998 1.9999999999999989 4.9999999999999982 7 2.0000000000000018 4 1.9999999999999998
leaf_count=16 2 5 7 2 4 2
internal_value=-0.00818217 1.52198 13.6648 -4.58096 -6.93465 -5.10933
internal_weight=38 36 12 24 8 6
internal_count=38 36 12 24 8 6
is_linear=0
shrinkage=0.05


Tree=7
num_leaves=7
num_cat=0
split_feature=46 12 9 49 6 9
split_gain=557721 970163 1.74097e+06 24163.5 24501 876.839
threshold=1.0000000180025095e-35 1.0000000180025095e-35 1.0000000180025095e-35 1.0000000180025095e-35 1.0000000180025095e-35 0.27500000000000008
decision_type=2 2 2 2 2 2
left_child=1 3 -3 -1 -5 -6
right_child=-2 2 -4 4 5 -7
leaf_value=-3.200982786853861 -25.059036254882812 35.217720181334265 -3.1499107522024232 -11.339598156156981 -5.3940858143131898 -3.5904748099190833
leaf_weight=15.999999999999998 1.9999999999999989 4.9999999999999982 7 2.0000000000000018 4 1.9999999999999998
leaf_count=16 2 5 7 2 4 2
internal_value=-0.0100446 1.44713 12.9955 -4.35704 -6.6011 -4.8616
internal_weight=38 36 12 24 8 6
internal_count=38 36 12 24 8 6
is_linear=0
shrinkage=0.05


Tree=8
num_leaves=7
num_cat=0
split_feature=46 12 9 49 43 18
split_gain=505779 877499 1.57439e+06 21967.1 23890.3 294.637
threshold=1.0000000180025095e-35 1.0000000180025095e-35 1.0000000180025095e-35 1.0000000180025095e-35 1.0000000180025095e-35 0.45000000000000007
decision_type=2 2 2 2 2 2
left_child=1 3 -3 -1 -5 -4
right_child=-2 2 5 4 -6 -7
leaf_value=-3.0419276515889613 -23.865748087565105 33.491361131855093 -2.6485750721950154 -2.6341149422430199 -8.3786907640157953 -3.6924594697498123
leaf_weight=15.999999999999998 1.9999999999999989 4.9999999999999982 5 3.0000000000000018 5 1.9999999999999998
leaf_count=16 2 5 5 3 5 2
internal_value=-0.0117097 1.37595 12.359 -4.14407 -6.28359 -2.99463
internal_weight=38 36 12 24 8 7
internal_count=38 36 12 24 8 7
is_linear=0
shrinkage=0.05


Tree=9
num_leaves=7
num_cat=0
split_feature=46 12 9 49 6 9
split_gain=458700 793372 1.42395e+06 19902.2 22837.6 402.637
threshold=1.0000000180025095e-35 1.0000000180025095e-35 1.0000000180025095e-35 1.0000000180025095e-35 1.0000000180025095e-35 0.27500000000000008
decision_type=2 2 2 2 2 2
left_child=1 3 -3 -1 -5 -6
right_child=-2 2 -4 4 5 -7
leaf_value=-2.8907760477954554 -22.729284377325151 31.849629121668205 -2.8493672626119264 -10.537407557169583 -4.7222427449575282 -3.2940659295944927
leaf_weight=15.999999999999998 1.9999999999999989 4.9999999999999982 7 2.0000000000000018 4 1.9999999999999998
leaf_count=16 2 5 7 2 4 2
internal_value=-0.0125375 1.30897 11.7523 -3.93978 -5.97621 -4.30799
internal_weight=38 36 12 24 8 6
internal_count=38 36 12 24 8 6
is_linear=0
shrinkage=0.05


Tree=10
num_leaves=7
num_cat=0
split_feature=46 12 9 49 43 18
split_gain=415979 717597 1.28771e+06 18094 21620.3 307.784
threshold=1.0000000180025095e-35 1.0000000180025095e-35 1.0000000180025095e-35 1.0000000180025095e-35 1.0000000180025095e-35 0.45000000000000007
decision_type=2 2 2 2 2 2
left_child=1 3 -3 -1 -5 -4
right_child=-2 2 5 4 -6 -7
leaf_value=-2.7471349431861261 -21.646937052408855 30.288372563380833 -2.3790680006438611 -2.2304395168058315 -7.6794770979413798 -3.3809437524704693
leaf_weight=15.999999999999998 1.9999999999999989 4.9999999999999982 5 3.0000000000000018 5 1.9999999999999998
leaf_count=16 2 5 5 3 5 2
internal_value=-0.013902 1.24457 11.1767 -3.74724 -5.68885 -2.70891
internal_weight=38 36 12 24 8 7
internal_count=38 36 12 24 8 7
is_linear=0
shrinkage=0.05


Tree=11
num_leaves=7
num_cat=0
split_feature=46 12 9 49 6 18
split_gain=377260 648798 1.16466e+06 16392.6 21255.5 283.446
threshold=1.0000000180025095e-35 1.0000000180025095e-35 1.0000000180025095e-35 1.0000000180025095e-35 1.0000000180025095e-35 0.45000000000000007
decision_type=2 2 2 2 2 2
left_child=1 3 -3 -1 -5 -4
right_child=-2 2 5 4 -6 -7
leaf_value=-2.6106313681750564 -20.616131010509676 28.803651697495411 -2.2624470860350363 -9.7996764864240262 -3.8108098146421683 -3.2199464525495247
leaf_weight=15.999999999999998 1.9999999999999989 4.9999999999999982 5 2.0000000000000018 6 1.9999999999999998
leaf_count=16 2 5 5 2 6 2
internal_value=-0.0144894 1.18398 10.628 -3.56251 -5.41053 -2.57752
internal_weight=38 36 12 24 8 7
internal_count=38 36 12 24 8 7
is_linear=0
shrinkage=0.05


Tree=12
num_leaves=7
num_cat=0
split_feature=46 12 9 49 43 30
split_gain=342125 586670 1.05337e+06 14880.6 19934.9 297.855
threshold=1.0000000180025095e-35 1.0000000180025095e-35 1.0000000180025095e-35 1.0000000180025095e-35 1.0000000180025095e-35 1.0000000180025095e-35
decision_type=2 2 2 2 2 2
left_child=1 3 -3 5 -5 -1
right_child=-2 2 -4 4 -6 -7
leaf_value=-2.577263365400599 -19.634410313197545 27.391707476447621 -2.4525016395139021 -1.8415262852945622 -7.0575132486866963 -1.7158318020048595
leaf_weight=13.999999999999998 1.9999999999999989 4.9999999999999982 7 3.0000000000000018 5 1.9999999999999989
leaf_count=14 2 5 7 3 5 2
internal_value=-0.0155387 1.12577 10.1062 -3.38775 -5.1484 -2.48091
internal_weight=38 36 12 24 8 16
internal_count=38 36 12 24 8 16
is_linear=0
shrinkage=0.05


Tree=13
num_leaves=7
num_cat=0
split_feature=46 12 9 49 6 18
split_gain=310285 530548 952584 13474.5 19779.8 287.541
threshold=1.0000000180025095e-35 1.0000000180025095e-35 1.0000000180025095e-35 1.0000000180025095e-35 1.0000000180025095e-35 0.45000000000000007
decision_type=2 2 2 2 2 2
left_child=1 3 -3 -1 -5 -4
right_child=-2 2 5 4 -6 -7
leaf_value=-2.3581983169413498 -18.699438185918901 26.048972335516243 -2.0313221473319856 -9.121142886933816 -3.3618101213799143 -2.9498299189976271
leaf_weight=15.999999999999998 1.9999999999999989 4.9999999999999982 5 2.0000000000000018 6 1.9999999999999998
leaf_count=16 2 5 5 2 6 2
internal_value=-0.0157974 1.07111 9.61119 -3.2211 -4.89647 -2.3316
internal_weight=38 36 12 24 8 7
internal_count=38 36 12 24 8 7
is_linear=0
shrinkage=0.05


Tree=14
num_leaves=7
num_cat=0
split_feature=46 12 9 49 43 30
split_gain=281387 479745 861562 12232.6 18372.1 280.521
threshold=1.0000000180025095e-35 1.0000000180025095e-35 1.0000000180025095e-35 1.0000000180025095e-35 1.0000000180025095e-35 1.0000000180025095e-35
decision_type=2 2 2 2 2 2
left_child=1 3 -3 5 -5 -1
right_child=-2 2 -4 4 -6 -7
leaf_value=-2.3322403819848461 -17.808989025297617 24.772063012216613 -2.2185312509536743 -1.4968595197123853 -6.4902981870314651 -1.521830399831136
leaf_weight=13.999999999999998 1.9999999999999989 4.9999999999999982 7 3.0000000000000018 5 1.9999999999999989
leaf_count=14 2 5 7 3 5 2
internal_value=-0.0166443 1.01841 9.13933 -3.06312 -4.65936 -2.24102
internal_weight=38 36 12 24 8 16
internal_count=38 36 12 24 8 16
is_linear=0
shrinkage=0.05


Tree=15
num_leaves=7
num_cat=0
split_feature=46 12 9 49 6 18
split_gain=255199 433850 779128 11076.3 18385.3 286.052
threshold=1.0000000180025095e-35 1.0000000180025095e-35 1.0000000180025095e-35 1.0000000180025095e-35 1.0000000180025095e-35 0.45000000000000007
decision_type=2 2 2 2 2 2
left_child=1 3 -3 -1 -5 -4
right_child=-2 2 5 4 -6 -7
leaf_value=-2.1301665631880673 -16.960941859654017 23.557747934378838 -1.822995898770351 -8.4966321218581324 -2.9591398551815846 -2.7037175496419259
leaf_weight=15.999999999999998 1.9999999999999989 4.9999999999999982 5 2.0000000000000018 6 1.9999999999999998
leaf_count=16 2 5 5 2 6 2
internal_value=-0.0167431 0.968977 8.69169 -2.91242 -4.43132 -2.10917
internal_weight=38 36 12 24 8 7
internal_count=38 36 12 24 8 7
is_linear=0
shrinkage=0.05


Tree=16
num_leaves=7
num_cat=0
split_feature=46 12 9 49 43 23
split_gain=231431 392309 704680 10056.3 16924.9 285.148
threshold=1.0000000180025095e-35 1.0000000180025095e-35 1.0000000180025095e-35 1.0000000180025095e-35 1.0000000180025095e-35 1.0000000180025095e-35
decision_type=2 2 2 2 2 2
left_child=1 3 -3 5 -5 -1
right_child=-2 2 -4 4 -6 -7
leaf_value=-1.3304647491091786 -16.153278169177828 22.4029582902497 -2.0068965191152732 -1.1919323398220913 -5.9728012645945832 -2.1133030695272672
leaf_weight=1.9999999999999971 1.9999999999999989 4.9999999999999982 7 3.0000000000000018 5 14
leaf_count=2 2 5 7 3 5 14
internal_value=-0.017417 0.921282 8.26497 -2.76962 -4.21682 -2.02432
internal_weight=38 36 12 24 8 16
internal_count=38 36 12 24 8 16
is_linear=0
shrinkage=0.05


Tree=17
num_leaves=7
num_cat=0
split_feature=46 12 9 6 4 4
split_gain=209893 354777 637256 9598.74 22556.9 1170.64
threshold=1.0000000180025095e-35 1.0000000180025095e-35 1.0000000180025095e-35 1.0000000180025095e-35 1.0000000180025095e-35 1.0000000180025095e-35
decision_type=2 2 2 2 2 2
left_child=1 3 -3 4 -1 -5
right_child=-2 2 -4 5 -6 -7
leaf_value=-7.2484144395397472 -15.384074256533669 21.304768281824455 -1.9079649817775672 -1.7688940103389013 -0.41571539924258261 -2.6361649875909512
leaf_weight=3.0000000000000027 1.9999999999999989 4.9999999999999982 7 12.000000000000002 1.9999999999999998 6.9999999999999991
leaf_count=3 2 5 7 12 2 7
internal_value=-0.0173823 0.876573 7.86015 -2.63334 -4.57708 -2.10054
internal_weight=38 36 12 24 5 19
internal_count=38 36 12 24 5 19
is_linear=0
shrinkage=0.05


Tree=18
num_leaves=7
num_cat=0
split_feature=46 12 9 49 6 18
split_gain=190353 320863 576284 8912.61 16766.7 296.893
threshold=1.0000000180025095e-35 1.0000000180025095e-35 1.0000000180025095e-35 1.0000000180025095e-35 1.0000000180025095e-35 0.45000000000000007
decision_type=2 2 2 2 2 2
left_child=1 3 -3 -1 -5 -4
right_child=-2 2 5 4 -6 -7
leaf_value=-1.8037527022154434 -14.651499430338541 20.260418461818329 -1.5417284918766396 -7.7389627184186569 -2.4685914711874037 -2.3885470799037378
leaf_weight=15.999999999999998 1.9999999999999989 4.9999999999999982 5 2.0000000000000018 6 1.9999999999999998
leaf_count=16 2 5 5 2 6 2
internal_value=-0.0175703 0.83376 7.47515 -2.50418 -3.86546 -1.81391
internal_weight=38 36 12 24 8 7
internal_count=38 36 12 24 8 7
is_linear=0
shrinkage=0.05


Tree=19
num_leaves=7
num_cat=0
split_feature=46 12 9 49 6 18
split_gain=172623 290143 521220 8091.7 15233 271.577
threshold=1.0000000180025095e-35 1.0000000180025095e-35 1.0000000180025095e-35 1.0000000180025095e-35 1.0000000180025095e-35 0.45000000000000007
decision_type=2 2 2 2 2 2
left_child=1 3 -3 -1 -5 -4
right_child=-2 2 5 4 -6 -7
leaf_value=-1.7141252304456249 -13.953809102376301 19.267261579924945 -1.4661535468755984 -7.3704408918108157 -2.3471852286917261 -2.2748067946661079
leaf_weight=15.999999999999998 1.9999999999999989 4.9999999999999982 5 2.0000000000000018 6 1.9999999999999998
leaf_count=16 2 5 5 2 6 2
internal_value=-0.0180476 0.79267 7.10815 -2.38146 -3.67849 -1.72598
internal_weight=38 36 12 24 8 7
internal_count=38 36 12 24 8 7
is_linear=0
shrinkage=0.05


Tree=20
num_leaves=7
num_cat=0
split_feature=46 12 9 49 43 18
split_gain=156545 262365 471417 7346.38 15307.9 272.689
threshold=1.0000000180025095e-35 1.0000000180025095e-35 1.0000000180025095e-35 1.0000000180025095e-35 1.0000000180025095e-35 0.45000000000000007
decision_type=2 2 2 2 2 2
left_child=1 3 -3 5 -5 -1
right_child=-2 2 -4 4 -6 -7
leaf_value=-1.4311537801629246 -13.289341881161645 18.322791604434748 -1.6423180237622326 -0.64346781084614368 -5.1685894984824978 -1.9297480661360948
leaf_weight=9.9999999999999982 1.9999999999999989 4.9999999999999982 7 3.0000000000000018 5 5.9999999999999991
leaf_count=10 2 5 7 3 5 6
internal_value=-0.0184386 0.753604 6.75916 -2.26476 -3.50056 -1.62895
internal_weight=38 36 12 24 8 16
internal_count=38 36 12 24 8 16
is_linear=0
shrinkage=0.05


Tree=21
num_leaves=7
num_cat=0
split_feature=46 12 9 6 43 4
split_gain=141975 237271 426312 7351.32 21691.5 719.447
threshold=1.0000000180025095e-35 1.0000000180025095e-35 1.0000000180025095e-35 1.0000000180025095e-35 1.0000000180025095e-35 1.0000000180025095e-35
decision_type=2 2 2 2 2 2
left_child=1 3 -3 4 -1 -5
right_child=-2 2 -4 5 -6 -7
leaf_value=0.19792702084495872 -12.65651593889509 17.424614999808522 -1.5613587339159469 -1.4275325142647608 -6.4713138457267494 -2.1097090815154602
leaf_weight=2.0000000000000027 1.9999999999999989 4.9999999999999982 7 12.000000000000002 3 6.9999999999999991
leaf_count=2 2 5 7 12 3 7
internal_value=-0.0182755 0.716964 6.42809 -2.15342 -3.85204 -1.68859
internal_weight=38 36 12 24 5 19
internal_count=38 36 12 24 5 19
is_linear=0
shrinkage=0.05


Tree=22
num_leaves=7
num_cat=0
split_feature=46 12 9 6 4 4
split_gain=128758 214588 385522 6668.86 20265.6 651.262
threshold=1.0000000180025095e-35 1.0000000180025095e-35 1.0000000180025095e-35 1.0000000180025095e-35 1.0000000180025095e-35 1.0000000180025095e-35
decision_type=2 2 2 2 2 2
left_child=1 3 -3 4 -1 -5
right_child=-2 2 -4 5 -6 -7
leaf_value=-6.1973728056876816 -12.053824651808966 16.570465087890629 -1.4843902923691441 -1.3567458003574657 0.24634933471679676 -2.0057093123315091
leaf_weight=3.0000000000000027 1.9999999999999989 4.9999999999999982 7 12.000000000000002 1.9999999999999998 6.9999999999999991
leaf_count=3 2 5 7 12 2 7
internal_value=-0.0182287 0.681953 6.11324 -2.04779 -3.66559 -1.60509
internal_weight=38 36 12 24 5 19
internal_count=38 36 12 24 5 19
is_linear=0
shrinkage=0.05


Tree=23
num_leaves=7
num_cat=0
split_feature=46 12 9 49 6 18
split_gain=116771 194074 348636 6424.22 13663.6 313.682
threshold=1.0000000180025095e-35 1.0000000180025095e-35 1.0000000180025095e-35 1.0000000180025095e-35 1.0000000180025095e-35 0.45000000000000007
decision_type=2 2 2 2 2 2
left_child=1 3 -3 5 -5 -1
right_child=-2 2 -4 4 -6 -7
leaf_value=-1.1565032211860808 -11.479833512079148 15.758190080231316 -1.4112161246823591 -6.5900274912516199 -1.8493416113931624 -1.6606458914084514
leaf_weight=9.9999999999999982 1.9999999999999989 4.9999999999999982 7 2.0000000000000018 6 5.9999999999999991
leaf_count=10 2 5 7 2 6 6
internal_value=-0.0181412 0.648656 5.81381 -1.94733 -3.10124 -1.3547
internal_weight=38 36 12 24 8 16
internal_count=38 36 12 24 8 16
is_linear=0
shrinkage=0.05


Tree=24
num_leaves=7
num_cat=0
split_feature=46 12 9 49 43 18
split_gain=105895 175545 315278 5828.56 13077.5 291.686
threshold=1.0000000180025095e-35 1.0000000180025095e-35 1.0000000180025095e-35 1.0000000180025095e-35 1.0000000180025095e-35 0.45000000000000007
decision_type=2 2 2 2 2 2
left_child=1 3 -3 -1 -5 -4
right_child=-2 2 5 4 -6 -7
leaf_value=-1.2878370633036453 -10.933174859909784 14.985726749195777 -1.0952988044888365 -0.32079564371416619 -4.4925040450750613 -1.876040504092261
leaf_weight=15.999999999999998 1.9999999999999989 4.9999999999999982 5 3.0000000000000018 5 1.9999999999999998
leaf_count=16 2 5 5 3 5 2
internal_value=-0.0183355 0.616651 5.52905 -1.8523 -2.95139 -1.34165
internal_weight=38 36 12 24 8 7
internal_count=38 36 12 24 8 7
is_linear=0
shrinkage=0.05


Tree=25
num_leaves=7
num_cat=0
split_feature=46 12 9 6 43 4
split_gain=96038.2 158711 285155 5547.47 19273.5 404.87
threshold=1.0000000180025095e-35 1.0000000180025095e-35 1.0000000180025095e-35 1.0000000180025095e-35 1.0000000180025095e-35 1.0000000180025095e-35
decision_type=2 2 2 2 2 2
left_child=1 3 -3 4 -1 -5
right_child=-2 2 -4 5 -6 -7
leaf_value=0.5649382727486737 -10.412546975272043 14.251131543926167 -1.2766591864572445 -1.1599292351194648 -5.704643618675969 -1.6768636031889583
leaf_weight=2.0000000000000027 1.9999999999999989 4.9999999999999982 7 12.000000000000002 3 6.9999999999999991
leaf_count=2 2 5 7 12 3 7
internal_value=-0.0180776 0.586637 5.25756 -1.76095 -3.23491 -1.35816
internal_weight=38 36 12 24 5 19
internal_count=38 36 12 24 5 19
is_linear=0
shrinkage=0.05


Tree=26
num_leaves=7
num_cat=0
split_feature=46 12 9 49 6 18
split_gain=87097.8 143538 257872 5209.77 12452.4 384.274
threshold=1.0000000180025095e-35 1.0000000180025095e-35 1.0000000180025095e-35 1.0000000180025095e-35 1.0000000180025095e-35 0.45000000000000007
decision_type=2 2 2 2 2 2
left_child=1 3 -3 5 -5 -1
right_child=-2 2 -4 4 -6 -7
leaf_value=-0.93307685143876784 -9.9167117164248513 13.552549474379601 -1.2137252915073449 -6.0392404283795962 -1.5233675534607933 -1.4684939149950373
leaf_weight=9.9999999999999982 1.9999999999999989 4.9999999999999982 7 2.0000000000000018 6 5.9999999999999991
leaf_count=10 2 5 7 2 6 6
internal_value=-0.0178839 0.557998 5.00005 -1.67456 -2.71296 -1.14173
internal_weight=38 36 12 24 8 16
internal_count=38 36 12 24 8 16
is_linear=0
shrinkage=0.05


Tree=27
num_leaves=7
num_cat=0
split_feature=46 12 9 15 49 9
split_gain=78984.4 129836 233198 4774.04 8947.96 3387.18
threshold=1.0000000180025095e-35 1.0000000180025095e-35 1.0000000180025095e-35 1.0000000180025095e-35 1.0000000180025095e-35 0.27500000000000008
decision_type=2 2 2 2 2 2
left_child=1 3 -3 -1 -5 -6
right_child=-2 2 -4 4 5 -7
leaf_value=-0.015008042498332687 -9.4444870721726186 12.888206930721513 -1.1538937259727799 -1.1164212281467349 -4.0316477756874241 -1.4956001554216651
leaf_weight=4.0000000000000027 1.9999999999999989 4.9999999999999982 7 13.000000000000002 4.9999999999999991 1.9999999999999998
leaf_count=4 2 5 7 13 5 2
internal_value=-0.0179797 0.530426 4.75514 -1.5929 -1.90683 -3.33833
internal_weight=38 36 12 24 20 7
internal_count=38 36 12 24 20 7
is_linear=0
shrinkage=0.05


Tree=28
num_leaves=7
num_cat=0
split_feature=46 12 9 6 4 18
split_gain=71632.7 117419 210886 4820.97 17710.7 287.399
threshold=1.0000000180025095e-35 1.0000000180025095e-35 1.0000000180025095e-35 1.0000000180025095e-35 1.0000000180025095e-35 0.45000000000000007
decision_type=2 2 2 2 2 2
left_child=1 3 -3 4 -1 -4
right_child=-2 2 5 -5 -6 -7
leaf_value=-5.2552064618756633 -8.9947496141706207 12.256430831609991 -0.86296655617508233 -1.1402662923822853 0.74645664578392357 -1.6131682168869739
leaf_weight=3.0000000000000027 1.9999999999999989 4.9999999999999982 5 19 1.9999999999999998 1.9999999999999998
leaf_count=3 2 5 5 19 2 2
internal_value=-0.0176542 0.504608 4.52223 -1.51463 -2.88698 -1.09701
internal_weight=38 36 12 24 5 7
internal_count=38 36 12 24 5 7
is_linear=0
shrinkage=0.05


Tree=29
num_leaves=7
num_cat=0
split_feature=46 12 9 15 49 9
split_gain=64964 106164 190738 4538.45 7890.44 2958.92
threshold=1.0000000180025095e-35 1.0000000180025095e-35 1.0000000180025095e-35 1.0000000180025095e-35 1.0000000180025095e-35 0.27500000000000008
decision_type=2 2 2 2 2 2
left_child=1 3 -3 -1 -5 -6
right_child=-2 2 -4 4 5 -7
leaf_value=0.095693546097452981 -8.5664281390962156 11.655627082375922 -1.0439048350696831 -1.0044481736103086 -3.7377802156934559 -1.3700826735723579
leaf_weight=4.0000000000000027 1.9999999999999989 4.9999999999999982 7 13.000000000000002 4.9999999999999991 1.9999999999999998
leaf_count=4 2 5 7 13 5 2
internal_value=-0.0174096 0.47995 4.30016 -1.44007 -1.74618 -3.09012
internal_weight=38 36 12 24 20 7
internal_count=38 36 12 24 20 7
is_linear=0
shrinkage=0.05


Tree=30
num_leaves=7
num_cat=0
split_feature=46 12 9 6 43 18
split_gain=58917.3 96010.7 172488 4639.41 16797.1 329.296
threshold=1.0000000180025095e-35 1.0000000180025095e-35 1.0000000180025095e-35 1.0000000180025095e-35 1.0000000180025095e-35 0.45000000000000007
decision_type=2 2 2 2 2 2
left_child=1 3 -3 4 -1 -5
right_child=-2 2 -4 5 -6 -7
leaf_value=0.82030101049513915 -8.1585028512137274 11.084271000880825 -0.99244474357282619 -0.84818913190419432 -5.0209122569330269 -1.3191968143963424
leaf_weight=2.0000000000000027 1.9999999999999989 4.9999999999999982 7 13.000000000000002 3 5.9999999999999991
leaf_count=2 2 5 7 13 3 6
internal_value=-0.0170605 0.456589 4.08954 -1.36932 -2.71416 -1.00306
internal_weight=38 36 12 24 5 19
internal_count=38 36 12 24 5 19
is_linear=0
shrinkage=0.05


Tree=31
num_leaves=7
num_cat=0
split_feature=46 12 9 15 49 9
split_gain=53432.3 86833.3 155985 4317.7 6981.79 2605.61
threshold=1.0000000180025095e-35 1.0000000180025095e-35 1.0000000180025095e-35 1.0000000180025095e-35 1.0000000180025095e-35 0.27500000000000008
decision_type=2 2 2 2 2 2
left_child=1 3 -3 -1 -5 -6
right_child=-2 2 -4 4 5 -7
leaf_value=0.19347949725825597 -7.7700032733735585 10.540928859336708 -0.94352142575760967 -0.90353472360217824 -3.4720687866210938 -1.2532362256731302
leaf_weight=4.0000000000000027 1.9999999999999989 4.9999999999999982 7 13.000000000000002 4.9999999999999991 1.9999999999999998
leaf_count=4 2 5 7 13 5 2
internal_value=-0.0167889 0.434276 3.88923 -1.30217 -1.60078 -2.8647
internal_weight=38 36 12 24 20 7
internal_count=38 36 12 24 20 7
is_linear=0
shrinkage=0.05


Tree=32
num_leaves=7
num_cat=0
split_feature=46 12 9 6 4 18
split_gain=48459 78529 141060 4463.28 15126.3 362.891
threshold=1.0000000180025095e-35 1.0000000180025095e-35 1.0000000180025095e-35 1.0000000180025095e-35 1.0000000180025095e-35 0.45000000000000007
decision_type=2 2 2 2 2 2
left_child=1 3 -3 4 -1 -5
right_child=-2 2 -4 5 -6 -7
leaf_value=-4.745228421303529 -7.4000027520315985 10.024214800666364 -0.89700977567216045 -0.72072254337427255 0.79715551648821115 -1.2070157840603688
leaf_weight=3.0000000000000027 1.9999999999999989 4.9999999999999982 7 13.000000000000002 1.9999999999999998 5.9999999999999991
leaf_count=3 2 5 7 13 2 6
internal_value=-0.0164232 0.413138 3.69874 -1.23819 -2.55611 -0.879804
internal_weight=38 36 12 24 5 19
internal_count=38 36 12 24 5 19
is_linear=0
shrinkage=0.05


Tree=33
num_leaves=7
num_cat=0
split_feature=46 12 9 15 49 9
split_gain=43947.4 71023.3 127563 4113.25 6175.65 2294.22
threshold=1.0000000180025095e-35 1.0000000180025095e-35 1.0000000180025095e-35 1.0000000180025095e-35 1.0000000180025095e-35 0.27500000000000008
decision_type=2 2 2 2 2 2
left_child=1 3 -3 -1 -5 -6
right_child=-2 2 -4 4 5 -7
leaf_value=0.28033594968842274 -7.0476218632289349 9.5328291350719994 -0.85279098027189004 -0.81366138854099579 -3.2270838419596362 -1.1476597558884387
leaf_weight=4.0000000000000027 1.9999999999999989 4.9999999999999982 7 13.000000000000002 4.9999999999999991 1.9999999999999998
leaf_count=4 2 5 7 13 5 2
internal_value=-0.0161468 0.392931 3.51757 -1.1775 -1.46901 -2.65749
internal_weight=38 36 12 24 20 7
internal_count=38 36 12 24 20 7
is_linear=0
shrinkage=0.05


Tree=34
num_leaves=7
num_cat=0
split_feature=46 12 9 6 43 9
split_gain=39857 64231 115358 4294.84 14361.6 414.535
threshold=1.0000000180025095e-35 1.0000000180025095e-35 1.0000000180025095e-35 1.0000000180025095e-35 1.0000000180025095e-35 0.27500000000000008
decision_type=2 2 2 2 2 2
left_child=1 3 -3 4 -1 -5
right_child=-2 2 -4 5 -6 -7
leaf_value=0.85267820812406847 -6.7120204425993428 9.065534404679843 -0.81075199557022304 -0.56080789823789834 -4.5449837484667368 -1.0444021231874272
leaf_weight=2.0000000000000027 1.9999999999999989 4.9999999999999982 7 11.000000000000002 3 7.9999999999999991
leaf_count=2 2 5 7 11 3 8
internal_value=-0.0157692 0.373807 3.34528 -1.11965 -2.41153 -0.768829
internal_weight=38 36 12 24 5 19
internal_count=38 36 12 24 5 19
is_linear=0
shrinkage=0.05


Tree=35
num_leaves=7
num_cat=0
split_feature=46 12 9 30 5 6
split_gain=36146.3 58091.8 104321 4149.9 28685.1 1184.12
threshold=1.0000000180025095e-35 1.0000000180025095e-35 1.0000000180025095e-35 1.0000000180025095e-35 1.0000000180025095e-35 1.0000000180025095e-35
decision_type=2 2 2 2 2 2
left_child=1 3 -3 4 -1 -5
right_child=-2 2 -4 5 -6 -7
leaf_value=-6.9953812190464566 -6.3924007642836802 8.6211482029335187 -0.77078537873818842 0.83375835418701139 -0.68992558644928093 -0.51877902930891007
leaf_weight=1.9999999999999989 1.9999999999999989 4.9999999999999982 7 1.9999999999999998 13 7
leaf_count=2 2 5 7 2 13 7
internal_value=-0.0154731 0.355527 3.18143 -1.06476 -1.57141 -0.212356
internal_weight=38 36 12 24 15 9
internal_count=38 36 12 24 15 9
is_linear=0
shrinkage=0.05


Tree=36
num_leaves=7
num_cat=0
split_feature=46 12 9 6 43 9
split_gain=32777.8 52552 94339.3 3805.88 12440.8 310.683
threshold=1.0000000180025095e-35 1.0000000180025095e-35 1.0000000180025095e-35 1.0000000180025095e-35 1.0000000180025095e-35 0.27500000000000008
decision_type=2 2 2 2 2 2
left_child=1 3 -3 4 -1 -5
right_child=-2 2 -4 5 -6 -7
leaf_value=0.80864992595854135 -6.0880008708863036 8.1985431745940591 -0.7327888918594575 -0.50268928371034216 -4.2145566632670732 -0.92194667421741261
leaf_weight=2.0000000000000027 1.9999999999999989 4.9999999999999982 7 11.000000000000002 3 7.9999999999999991
leaf_count=2 2 5 7 11 3 8
internal_value=-0.0154754 0.337817 3.0256 -1.01305 -2.22882 -0.683121
internal_weight=38 36 12 24 5 19
internal_count=38 36 12 24 5 19
is_linear=0
shrinkage=0.05


Tree=37
num_leaves=7
num_cat=0
split_feature=46 12 9 15 49 9
split_gain=29726.2 47529.3 85312.9 3809.37 5229.76 1882.39
threshold=1.0000000180025095e-35 1.0000000180025095e-35 1.0000000180025095e-35 1.0000000180025095e-35 1.0000000180025095e-35 0.27500000000000008
decision_type=2 2 2 2 2 2
left_child=1 3 -3 -1 -5 -6
right_child=-2 2 -4 4 5 -7
leaf_value=0.43628001794582433 -5.7980957825978594 7.7966518028109704 -0.69666550864636057 -0.64219762305266981 -2.8523834826899517 -0.97466986519949739
leaf_weight=4.0000000000000027 1.9999999999999989 4.9999999999999982 7 13.000000000000002 4.9999999999999991 1.9999999999999998
leaf_count=4 2 5 7 13 5 2
internal_value=-0.015155 0.321291 2.8774 -0.963403 -1.24412 -2.33718
internal_weight=38 36 12 24 20 7
internal_count=38 36 12 24 20 7
is_linear=0
shrinkage=0.05


Tree=38
num_leaves=7
num_cat=0
split_feature=46 12 9 30 23 6
split_gain=26959.3 42983.8 77150.1 3941.99 24893.4 961.878
threshold=1.0000000180025095e-35 1.0000000180025095e-35 1.0000000180025095e-35 1.0000000180025095e-35 1.0000000180025095e-35 1.0000000180025095e-35
decision_type=2 2 2 2 2 2
left_child=1 3 -3 4 -1 -5
right_child=-2 2 -4 5 -6 -7
leaf_value=-6.4622884023757212 -5.5219959758576893 7.4144592285156268 -0.66232284022049159 0.85437343234107566 -0.58906922790840377 -0.363920937121754
leaf_weight=1.9999999999999989 1.9999999999999989 4.9999999999999982 7 1.9999999999999998 13 7
leaf_count=2 2 5 7 2 13 7
internal_value=-0.0147561 0.30565 2.73647 -0.916069 -1.40978 -0.0867752
internal_weight=38 36 12 24 15 9
internal_count=38 36 12 24 15 9
is_linear=0
shrinkage=0.05


Tree=39
num_leaves=7
num_cat=0
split_feature=46 12 9 6 4 9
split_gain=24446.8 38885.9 69768.5 3591.17 11087.3 382.037
threshold=1.0000000180025095e-35 1.0000000180025095e-35 1.0000000180025095e-35 1.0000000180025095e-35 1.0000000180025095e-35 0.27500000000000008
decision_type=2 2 2 2 2 2
left_child=1 3 -3 4 -1 -5
right_child=-2 2 -4 5 -6 -7
leaf_value=-3.9265940881544497 -5.2590439887273881 7.0510104310278825 -0.62967311832266792 -0.35556432923620873 0.81368895939418207 -0.81429014824054868
leaf_weight=3.0000000000000027 1.9999999999999989 4.9999999999999982 7 11.000000000000002 1.9999999999999998 7.9999999999999991
leaf_count=3 2 5 7 11 2 8
internal_value=-0.0147173 0.290395 2.60244 -0.871627 -2.0517 -0.551964
internal_weight=38 36 12 24 5 19
internal_count=38 36 12 24 5 19
is_linear=0
shrinkage=0.05


Tree=40
num_leaves=7
num_cat=0
split_feature=46 12 9 15 49 9
split_gain=22170.6 35169.8 63093 3360.91 4559.57 1564.43
threshold=1.0000000180025095e-35 1.0000000180025095e-35 1.0000000180025095e-35 1.0000000180025095e-35 1.0000000180025095e-35 0.27500000000000008
decision_type=2 2 2 2 2 2
left_child=1 3 -3 -1 -5 -6
right_child=-2 2 -4 4 5 -7
leaf_value=0.48445174752212117 -5.0086132231212801 6.7053695379519018 -0.5986328964502039 -0.53139902742309419 -2.5824938007429541 -0.87215173812139568
leaf_weight=4.0000000000000027 1.9999999999999989 4.9999999999999982 7 13.000000000000002 4.9999999999999991 1.9999999999999998
leaf_count=4 2 5 7 13 5 2
internal_value=-0.0143913 0.276171 2.47497 -0.828934 -1.09271 -2.11299
internal_weight=38 36 12 24 20 7
internal_count=38 36 12 24 20 7
is_linear=0
shrinkage=0.05


Tree=41
num_leaves=7
num_cat=0
split_feature=46 12 9 22 31 9
split_gain=20107 31806.5 57056.3 3560.24 22034.5 749.11
threshold=1.0000000180025095e-35 1.0000000180025095e-35 1.0000000180025095e-35 1.0000000180025095e-35 1.0000000180025095e-35 0.27500000000000008
decision_type=2 2 2 2 2 2
left_child=1 3 -3 4 -1 -5
right_child=-2 2 -4 5 -6 -7
leaf_value=-6.0106218882969449 -4.7701079958961126 6.3766772700291074 -0.5691228215123566 0.24435298543580819 -0.48582062489203826 -0.83062069756644075
leaf_weight=1.9999999999999989 1.9999999999999989 4.9999999999999982 7 7 13 1.9999999999999998
leaf_count=2 2 5 7 7 13 2
internal_value=-0.0139868 0.262724 2.35374 -0.788214 -1.25739 -0.00103267
internal_weight=38 36 12 24 15 9
internal_count=38 36 12 24 15 9
is_linear=0
shrinkage=0.05


Tree=42
num_leaves=7
num_cat=0
split_feature=46 12 9 30 5 6
split_gain=18231.6 28779.9 51597.1 3461.69 21860.5 812.122
threshold=1.0000000180025095e-35 1.0000000180025095e-35 1.0000000180025095e-35 1.0000000180025095e-35 1.0000000180025095e-35 1.0000000180025095e-35
decision_type=2 2 2 2 2 2
left_child=1 3 -3 4 -1 -5
right_child=-2 2 -4 5 -6 -7
leaf_value=-5.9471808388119651 -4.5429599398658391 6.0640934962852349 -0.54106745249788524 0.88916481108892498 -0.44472121600886338 -0.23012507129722914
leaf_weight=1.9999999999999989 1.9999999999999989 4.9999999999999982 7 1.9999999999999998 13 7
leaf_count=2 2 5 7 2 13 7
internal_value=-0.014081 0.249411 2.23845 -0.750273 -1.21291 0.0256437
internal_weight=38 36 12 24 15 9
internal_count=38 36 12 24 15 9
is_linear=0
shrinkage=0.05


Tree=43
num_leaves=7
num_cat=0
split_feature=46 15 18 3 49 9
split_gain=16532 26065.5 32942.6 17481.4 3925.43 1302.3
threshold=1.0000000180025095e-35 1.0000000180025095e-35 1.0000000180025095e-35 1.0000000180025095e-35 1.0000000180025095e-35 0.27500000000000008
decision_type=2 2 2 2 2 2
left_child=1 2 3 -1 -3 -6
right_child=-2 4 -4 -5 5 -7
leaf_value=0.92119872185491725 -4.3266282762799939 -0.44425113106729414 -0.53408746071803725 5.766835530598958 -2.3392256194469976 -0.78010899680001367
leaf_weight=3 1.9999999999999989 13.000000000000002 7.9999999999999991 5 4.9999999999999991 1.9999999999999998
leaf_count=3 2 13 8 5 5 2
internal_value=-0.0140005 0.236911 1.73543 3.98353 -0.964576 -1.91103
internal_weight=38 36 16 8 20 7
internal_count=38 36 16 8 20 7
is_linear=0
shrinkage=0.05


Tree=44
num_leaves=7
num_cat=0
split_feature=46 15 18 3 49 9
split_gain=14993.6 23575.5 29792.5 15805.3 3553.05 1175.78
threshold=1.0000000180025095e-35 1.0000000180025095e-35 1.0000000180025095e-35 1.0000000180025095e-35 1.0000000180025095e-35 0.27500000000000008
decision_type=2 2 2 2 2 2
left_child=1 2 3 -1 -3 -6
right_child=-2 4 -4 -5 5 -7
leaf_value=0.87662455343431012 -4.1205982934860961 -0.42220813559211834 -0.50771275567419738 5.4841446222043508 -2.224557614793965 -0.74296095257713646
leaf_weight=3 1.9999999999999989 13.000000000000002 7.9999999999999991 5 4.9999999999999991 1.9999999999999998
leaf_count=3 2 13 8 5 5 2
internal_value=-0.0135287 0.225424 1.65057 3.78848 -0.917233 -1.81767
internal_weight=38 36 16 8 20 7
internal_count=38 36 16 8 20 7
is_linear=0
shrinkage=0.05


Tree=45
num_leaves=7
num_cat=0
split_feature=46 15 9 7 49 9
split_gain=13598.4 21323.3 27267 11279.4 3215.99 1061.55
threshold=1.0000000180025095e-35 1.0000000180025095e-35 0.27500000000000008 1.0000000180025095e-35 1.0000000180025095e-35 0.27500000000000008
decision_type=2 2 2 2 2 2
left_child=1 2 3 -1 -3 -6
right_child=-2 4 -4 -5 5 -7
leaf_value=4.6114087026627351 -3.9243795304071334 -0.40125886038059488 -0.76631893238551196 0.83420725791685024 -2.1155106787588083 -0.70758188338506756
leaf_weight=5.9999999999999982 1.9999999999999989 13.000000000000002 6.9999999999999991 3 4.9999999999999991 1.9999999999999998
leaf_count=6 2 13 7 3 5 2
internal_value=-0.0130694 0.214495 1.56986 3.37534 -0.872215 -1.72888
internal_weight=38 36 16 9 20 7
internal_count=38 36 16 9 20 7
is_linear=0
shrinkage=0.05


Tree=46
num_leaves=7
num_cat=0
split_feature=46 15 18 3 30 23
split_gain=12332.2 19281.7 24845.6 13105.7 3026.03 17822.1
threshold=1.0000000180025095e-35 1.0000000180025095e-35 1.0000000180025095e-35 1.0000000180025095e-35 1.0000000180025095e-35 1.0000000180025095e-35
decision_type=2 2 2 2 2 2
left_child=1 2 3 -1 5 -3
right_child=-2 4 -4 -5 -6 -7
leaf_value=0.79384240796489081 -3.7375044141496931 -5.4997690518697055 -0.47799346623597327 4.9892667882582717 0.009713401257152289 -0.46761380498473709
leaf_weight=3 1.9999999999999989 2.0000000000000009 7.9999999999999991 5 6.9999999999999991 11
leaf_count=3 2 2 8 5 7 11
internal_value=-0.0127401 0.203971 1.49282 3.44521 -0.829406 -1.27786
internal_weight=38 36 16 8 20 13
internal_count=38 36 16 8 20 13
is_linear=0
shrinkage=0.05


Tree=47
num_leaves=7
num_cat=0
split_feature=46 15 9 7 38 5
split_gain=11182.2 17451.2 22558 9294.08 2977.8 16651
threshold=1.0000000180025095e-35 1.0000000180025095e-35 0.27500000000000008 1.0000000180025095e-35 1.0000000180025095e-35 1.0000000180025095e-35
decision_type=2 2 2 2 2 2
left_child=1 2 3 -1 5 -3
right_child=-2 4 -4 -5 -6 -7
leaf_value=4.1840576109338992 -3.5595279875255765 -5.3326864469619029 -0.70497958089264356 0.75543068301293137 -0.040446266715909222 -0.42980618354412581
leaf_weight=5.9999999999999982 1.9999999999999989 1.9999999999999989 6.9999999999999991 3 8 10
leaf_count=6 2 2 7 3 8 10
internal_value=-0.0126792 0.193682 1.41983 3.06204 -0.789418 -1.28427
internal_weight=38 36 16 9 20 12
internal_count=38 36 16 9 20 12
is_linear=0
shrinkage=0.05


Tree=48
num_leaves=7
num_cat=0
split_feature=46 15 18 3 49 9
split_gain=10138.8 15791.1 20726.6 10870.2 2916.15 806.24
threshold=1.0000000180025095e-35 1.0000000180025095e-35 1.0000000180025095e-35 1.0000000180025095e-35 1.0000000180025095e-35 0.27500000000000008
decision_type=2 2 2 2 2 2
left_child=1 2 3 -1 -3 -6
right_child=-2 4 -4 -5 5 -7
leaf_value=0.71887756163074101 -3.390026455833798 -0.30369471206919835 -0.44975429258228827 4.5395956600413596 -1.9044035369274663 -0.67242402122134226
leaf_weight=3 1.9999999999999989 13.000000000000002 7.9999999999999991 5 4.9999999999999991 1.9999999999999998
leaf_count=3 2 13 8 5 5 2
internal_value=-0.012718 0.183781 1.35015 3.13339 -0.751391 -1.56684
internal_weight=38 36 16 8 20 7
internal_count=38 36 16 8 20 7
is_linear=0
shrinkage=0.05


Tree=49
num_leaves=7
num_cat=0
split_feature=46 15 18 3 22 5
split_gain=9195.24 14283 18744.5 9828.06 2874.94 14867.5
threshold=1.0000000180025095e-35 1.0000000180025095e-35 1.0000000180025095e-35 1.0000000180025095e-35 1.0000000180025095e-35 1.0000000180025095e-35
decision_type=2 2 2 2 2 2
left_child=1 2 3 -1 5 -3
right_child=-2 4 -4 -5 -6 -7
leaf_value=0.68409318308676426 -3.2285968235560825 -5.0261755784352617 -0.42754420895635348 4.3170662674249387 0.020624357977031188 -0.39349425886527145
leaf_weight=3 1.9999999999999989 1.9999999999999989 7.9999999999999991 5 8 10
leaf_count=3 2 2 8 5 8 10
internal_value=-0.012274 0.174859 1.28414 2.97997 -0.714537 -1.20077
internal_weight=38 36 16 8 20 12
internal_count=38 36 16 8 20 12
is_linear=0
shrinkage=0.05


Tree=50
num_leaves=7
num_cat=0
split_feature=46 15 9 14 9 49
split_gain=8337.62 12928 17072.4 7293.58 3492.27 2639.09
threshold=1.0000000180025095e-35 1.0000000180025095e-35 0.27500000000000008 1.0000000180025095e-35 1.0000000180025095e-35 1.0000000180025095e-35
decision_type=2 2 2 2 2 2
left_child=1 2 3 4 -1 -3
right_child=-2 5 -4 -5 -6 -7
leaf_value=4.1054418227251857 -3.0748538970947266 -0.2545805816886989 -0.62697994876915308 -0.016224861145019524 1.5293401990618019 -1.4557864162283884
leaf_weight=4.9999999999999982 1.9999999999999989 13.000000000000002 6.9999999999999991 1.9999999999999998 1.9999999999999998 6.9999999999999991
leaf_count=5 2 13 7 2 2 7
internal_value=-0.0121928 0.166001 1.22135 2.65003 3.40132 -0.680154
internal_weight=38 36 16 9 7 20
internal_count=38 36 16 9 7 20
is_linear=0
shrinkage=0.05


Tree=51
num_leaves=7
num_cat=0
split_feature=46 15 9 14 9 22
split_gain=7562.76 11693 15442.8 6598.72 3151.88 2787.64
threshold=1.0000000180025095e-35 1.0000000180025095e-35 0.27500000000000008 1.0000000180025095e-35 1.0000000180025095e-35 1.0000000180025095e-35
decision_type=2 2 2 2 2 2
left_child=1 2 3 4 -1 -3
right_child=-2 5 -4 -5 -6 -7
leaf_value=3.904195748123469 -2.9284325554257347 -1.1253791077077879 -0.59607249204541601 -0.015452271416073747 1.4565144947596953 0.076666755440794376
leaf_weight=4.9999999999999982 1.9999999999999989 12 6.9999999999999991 1.9999999999999998 1.9999999999999998 8
leaf_count=5 2 12 7 2 2 8
internal_value=-0.0115559 0.158156 1.16183 2.52062 3.23522 -0.646571
internal_weight=38 36 16 9 7 20
internal_count=38 36 16 9 7 20
is_linear=0
shrinkage=0.05


Tree=52
num_leaves=7
num_cat=0
split_feature=46 15 9 14 9 49
split_gain=6860.28 10574.3 13968.7 5970.07 2844.66 2567.11
threshold=1.0000000180025095e-35 1.0000000180025095e-35 0.27500000000000008 1.0000000180025095e-35 1.0000000180025095e-35 1.0000000180025095e-35
decision_type=2 2 2 2 2 2
left_child=1 2 3 4 -1 -3
right_child=-2 5 -4 -5 -6 -7
leaf_value=3.7128158270144009 -2.7889832996186756 -0.19528522143382149 -0.56668863581939488 -0.014716443561372299 1.387156622750418 -1.3793365552391805
leaf_weight=4.9999999999999982 1.9999999999999989 13.000000000000002 6.9999999999999991 1.9999999999999998 1.9999999999999998 6.9999999999999991
leaf_count=5 2 13 7 2 2 7
internal_value=-0.0108765 0.150761 1.10522 2.39753 3.07724 -0.614504
internal_weight=38 36 16 9 7 20
internal_count=38 36 16 9 7 20
is_linear=0
shrinkage=0.05


Tree=53
num_leaves=7
num_cat=0
split_feature=46 15 18 3 22 5
split_gain=6222.69 9564.3 12674.3 6469.99 2695.09 13169.2
threshold=1.0000000180025095e-35 1.0000000180025095e-35 1.0000000180025095e-35 1.0000000180025095e-35 1.0000000180025095e-35 1.0000000180025095e-35
decision_type=2 2 2 2 2 2
left_child=1 2 3 -1 5 -3
right_child=-2 4 -4 -5 -6 -7
leaf_value=0.58195597125637899 -2.6561744326636907 -4.6550303456329161 -0.35609031017915704 3.5308161716835169 0.12637820361573018 -0.29603192947878693
leaf_weight=3 1.9999999999999989 1.9999999999999989 7.9999999999999991 5 8 10
leaf_count=3 2 2 8 5 8 10
internal_value=-0.0103122 0.143631 1.05136 2.44583 -0.58417 -1.055
internal_weight=38 36 16 8 20 12
internal_count=38 36 16 8 20 12
is_linear=0
shrinkage=0.05


Tree=54
num_leaves=7
num_cat=0
split_feature=46 15 9 14 22 5
split_gain=5642.09 8658.1 11564.3 5051.55 2441.52 11948.1
threshold=1.0000000180025095e-35 1.0000000180025095e-35 0.27500000000000008 1.0000000180025095e-35 1.0000000180025095e-35 1.0000000180025095e-35
decision_type=2 2 2 2 2 2
left_child=1 2 3 -1 5 -3
right_child=-2 4 -4 -5 -6 -7
leaf_value=2.8010535038692854 -2.5296899704706099 -4.4333622569129583 -0.52119953699514898 -0.041727838062104707 0.12013732062445744 -0.28137688471539185
leaf_weight=6.9999999999999982 1.9999999999999989 1.9999999999999989 6.9999999999999991 1.9999999999999998 8 10
leaf_count=7 2 2 7 2 8 10
internal_value=-0.0102853 0.136301 0.999959 2.17581 -0.556162 -1.00429
internal_weight=38 36 16 9 20 12
internal_count=38 36 16 9 20 12
is_linear=0
shrinkage=0.05


Tree=55
num_leaves=7
num_cat=0
split_feature=46 15 18 3 49 9
split_gain=5114.92 7833.37 10548.8 5470.62 2328.16 549.831
threshold=1.0000000180025095e-35 1.0000000180025095e-35 1.0000000180025095e-35 1.0000000180025095e-35 1.0000000180025095e-35 0.27500000000000008
decision_type=2 2 2 2 2 2
left_child=1 2 3 -1 -3 -6
right_child=-2 4 -4 -5 5 -7
leaf_value=0.50996465067709629 -2.4092285519554504 -0.13075025846029961 -0.33327509738780836 3.2204272700291052 -1.5361450793696387 -0.5217697166261217
leaf_weight=3 1.9999999999999989 13.000000000000002 7.9999999999999991 5 4.9999999999999991 1.9999999999999998
leaf_count=3 2 13 8 5 5 2
internal_value=-0.0104127 0.129159 0.950655 2.22285 -0.529497 -1.25775
internal_weight=38 36 16 8 20 7
internal_count=38 36 16 8 20 7
is_linear=0
shrinkage=0.05


Tree=56
num_leaves=7
num_cat=0
split_feature=46 15 9 14 30 23
split_gain=4638.85 7085.72 9563.39 4269.91 2356.4 13584.9
threshold=1.0000000180025095e-35 1.0000000180025095e-35 0.27500000000000008 1.0000000180025095e-35 1.0000000180025095e-35 1.0000000180025095e-35
decision_type=2 2 2 2 2 2
left_child=1 2 3 -1 5 -3
right_child=-2 4 -4 -5 -6 -7
leaf_value=2.5483336650149928 -2.294503348214286 -4.5847979273114845 -0.47907754820837112 -0.064024834405808195 0.23403821528797422 -0.19416927324758992
leaf_weight=6.9999999999999982 1.9999999999999989 2.0000000000000009 6.9999999999999991 1.9999999999999998 6.9999999999999991 11
leaf_count=7 2 2 7 2 7 11
internal_value=-0.0100492 0.122869 0.904178 1.97349 -0.503566 -0.899493
internal_weight=38 36 16 9 20 13
internal_count=38 36 16 9 20 13
is_linear=0
shrinkage=0.05


Tree=57
num_leaves=7
num_cat=0
split_feature=46 15 18 3 22 5
split_gain=4205.22 6411.65 8782.55 4625.71 2315.12 10100.7
threshold=1.0000000180025095e-35 1.0000000180025095e-35 1.0000000180025095e-35 1.0000000180025095e-35 1.0000000180025095e-35 1.0000000180025095e-35
decision_type=2 2 2 2 2 2
left_child=1 2 3 -1 5 -3
right_child=-2 4 -4 -5 -6 -7
leaf_value=0.44625206916562965 -2.185241517566499 -4.068776834578741 -0.31184663301632731 2.9376478008195464 0.17837846573488211 -0.25136220573198675
leaf_weight=3 1.9999999999999989 1.9999999999999989 7.9999999999999991 5 8 10
leaf_count=3 2 2 8 5 8 10
internal_value=-0.0101812 0.116374 0.859592 2.02042 -0.479519 -0.915966
internal_weight=38 36 16 8 20 12
internal_count=38 36 16 8 20 12
is_linear=0
shrinkage=0.05


Tree=58
num_leaves=7
num_cat=0
split_feature=46 15 18 14 49 9
split_gain=3812.77 5804.57 7942.55 4282.19 2128.27 408.666
threshold=1.0000000180025095e-35 1.0000000180025095e-35 1.0000000180025095e-35 1.0000000180025095e-35 1.0000000180025095e-35 0.61250000000000016
decision_type=2 2 2 2 2 2
left_child=1 2 3 -1 5 -3
right_child=-2 4 -4 -5 -6 -7
leaf_value=2.5797846434546301 -2.0811823890322732 0.045873325150292188 -0.29644680611881208 -0.082226117451985645 -1.1528012215251655 -0.71496267545790904
leaf_weight=6 1.9999999999999989 11.000000000000002 7.9999999999999991 1.9999999999999998 6.9999999999999991 1.9999999999999989
leaf_count=6 2 11 8 2 7 2
internal_value=-0.0100999 0.110407 0.817565 1.92148 -0.456573 -0.0757426
internal_weight=38 36 16 8 20 13
internal_count=38 36 16 8 20 13
is_linear=0
shrinkage=0.05


Tree=59
num_leaves=7
num_cat=0
split_feature=46 12 9 6 43 9
split_gain=3457.6 5298.06 10293.8 3826.36 5694 486.422
threshold=1.0000000180025095e-35 1.0000000180025095e-35 1.0000000180025095e-35 1.0000000180025095e-35 1.0000000180025095e-35 0.55000000000000016
decision_type=2 2 2 2 2 2
left_child=1 3 -3 4 -1 -5
right_child=-2 2 -4 5 -6 -7
leaf_value=0.5162046296255921 -1.9820781889415924 2.6671830719592533 -0.28261136337065362 0.13354743395420096 -2.883250544148106 -0.48056382958481958
leaf_weight=2.0000000000000027 1.9999999999999989 4.9999999999999982 7 15.000000000000002 3 3.9999999999999991
leaf_count=2 2 5 7 15 3 4
internal_value=-0.00981794 0.104939 0.958355 -0.323975 -1.54001 0.0024217
internal_weight=38 36 12 24 5 19
internal_count=38 36 12 24 5 19
is_linear=0
shrinkage=0.05


Tree=60
num_leaves=7
num_cat=0
split_feature=46 15 9 14 22 5
split_gain=3135.21 5012.6 6889.85 2632.98 2166.94 8745.41
threshold=1.0000000180025095e-35 1.0000000180025095e-35 0.27500000000000008 1.0000000180025095e-35 1.0000000180025095e-35 1.0000000180025095e-35
decision_type=2 2 2 2 2 2
left_child=1 2 3 -1 5 -3
right_child=-2 4 -4 -5 -6 -7
leaf_value=2.1158491591332669 -1.887693677629743 -3.7832010359991166 -0.41716867097666577 0.05898704982939218 0.20889558321163976 -0.23114726094916313
leaf_weight=6.9999999999999982 1.9999999999999989 1.9999999999999989 6.9999999999999991 1.9999999999999998 8 10
leaf_count=7 2 2 7 2 8 10
internal_value=-0.00963012 0.0996468 0.756802 1.66444 -0.427227 -0.84953
internal_weight=38 36 16 9 20 12
internal_count=38 36 16 9 20 12
is_linear=0
shrinkage=0.05


Tree=61
num_leaves=7
num_cat=0
split_feature=46 15 18 3 22 5
split_gain=2842.16 4535.88 6239.47 2965.92 1962.61 7934.42
threshold=1.0000000180025095e-35 1.0000000180025095e-35 1.0000000180025095e-35 1.0000000180025095e-35 1.0000000180025095e-35 1.0000000180025095e-35
decision_type=2 2 2 2 2 2
left_child=1 2 3 -1 5 -3
right_child=-2 4 -4 -5 -6 -7
leaf_value=0.43435504359583688 -1.7978036063058036 -3.6030485516502746 -0.26781729415610983 2.4327195111443012 0.19857972933922283 -0.21970432111532379
leaf_weight=3 1.9999999999999989 1.9999999999999989 7.9999999999999991 5 8 10
leaf_count=3 2 2 8 5 8 10
internal_value=-0.00966555 0.0943803 0.719506 1.69795 -0.406812 -0.808712
internal_weight=38 36 16 8 20 12
internal_count=38 36 16 8 20 12
is_linear=0
shrinkage=0.05


Tree=62
num_leaves=7
num_cat=0
split_feature=46 15 9 14 49 9
split_gain=2576.88 4106.72 5699.85 2223.54 1882.78 1061.3
threshold=1.0000000180025095e-35 1.0000000180025095e-35 0.27500000000000008 1.0000000180025095e-35 1.0000000180025095e-35 1.0000000180025095e-35
decision_type=2 2 2 2 2 2
left_child=1 2 3 5 -3 -1
right_child=-2 4 -4 -5 -6 -7
leaf_value=2.313468783509498 -1.7121938069661458 -0.029516046283809279 -0.38340175487625772 0.035494554610479429 -1.0421880634737686 0.88893722352527405
leaf_weight=4.9999999999999982 1.9999999999999989 13.000000000000002 6.9999999999999991 1.9999999999999998 6.9999999999999991 1.9999999999999998
leaf_count=5 2 13 7 2 7 2
internal_value=-0.00955269 0.0895194 0.684338 1.50989 -0.387373 1.92471
internal_weight=38 36 16 9 20 7
internal_count=38 36 16 9 20 7
is_linear=0
shrinkage=0.05


Tree=63
num_leaves=7
num_cat=0
split_feature=46 15 9 4 13 14
split_gain=2337.4 3714.71 5155.83 2021.72 7684.7 2011.59
threshold=1.0000000180025095e-35 1.0000000180025095e-35 0.27500000000000008 1.0000000180025095e-35 1.0000000180025095e-35 1.0000000180025095e-35
decision_type=2 2 2 2 2 2
left_child=1 2 5 4 -3 -1
right_child=-2 3 -4 -5 -6 -7
leaf_value=1.8307318485958479 -1.6306608290899367 -0.20415168409948944 -0.3645016643362986 0.31391554147424833 -3.5071235384259909 0.033804348536900099
leaf_weight=6.9999999999999982 1.9999999999999989 11.000000000000002 6.9999999999999991 6.9999999999999991 1.9999999999999989 1.9999999999999998
leaf_count=7 2 11 7 7 2 2
internal_value=-0.0090658 0.0852903 0.651008 -0.368271 -0.735194 1.43617
internal_weight=38 36 16 20 13 9
internal_count=38 36 16 20 13 9
is_linear=0
shrinkage=0.05


Tree=64
num_leaves=7
num_cat=0
split_feature=46 15 18 7 22 5
split_gain=2118.88 3361.62 4712.58 2257.94 1865.12 6802.61
threshold=1.0000000180025095e-35 1.0000000180025095e-35 1.0000000180025095e-35 1.0000000180025095e-35 1.0000000180025095e-35 1.0000000180025095e-35
decision_type=2 2 2 2 2 2
left_child=1 2 3 -1 5 -3
right_child=-2 4 -4 -5 -6 -7
leaf_value=2.1103246352251839 -1.5530103047688801 -3.329929306393578 -0.23906302084157499 0.36723681419126442 0.23901989430557058 -0.19726015789674059
leaf_weight=5 1.9999999999999989 1.9999999999999989 7.9999999999999991 3 8 10
leaf_count=5 2 2 8 3 8 10
internal_value=-0.00907507 0.0807635 0.618924 1.46927 -0.350702 -0.742577
internal_weight=38 36 16 8 20 12
internal_count=38 36 16 8 20 12
is_linear=0
shrinkage=0.05


Tree=65
num_leaves=7
num_cat=0
split_feature=49 6 46 43 14 9
split_gain=2060.51 7244.89 2486.41 2602.76 4768.11 474.678
threshold=1.0000000180025095e-35 1.0000000180025095e-35 1.0000000180025095e-35 1.0000000180025095e-35 1.0000000180025095e-35 0.27500000000000008
decision_type=2 2 2 2 2 2
left_child=2 -2 3 -1 -5 -3
right_child=1 5 -4 4 -6 -7
leaf_value=-0.11279536293160096 -3.244630314054942 0.47594209996665393 -1.4790574936639695 1.8428775912425561 -0.14011257593748999 -0.44951067652021115
leaf_weight=16.000000000000007 1.9999999999999998 4 1.9999999999999989 5.9999999999999982 6 1.9999999999999998
leaf_count=16 2 4 2 6 6 2
internal_value=-0.00896307 -0.716831 0.181556 0.305013 0.858419 0.165146
internal_weight=38 8 30 28 12 6
internal_count=38 8 30 28 12 6
is_linear=0
shrinkage=0.05


Tree=66
num_leaves=7
num_cat=0
split_feature=49 6 46 9 14 9
split_gain=1868.36 6569.8 2254.08 2352.75 4310.65 430.011
threshold=1.0000000180025095e-35 1.0000000180025095e-35 1.0000000180025095e-35 1.0000000180025095e-35 1.0000000180025095e-35 0.27500000000000008
decision_type=2 2 2 2 2 2
left_child=2 -2 3 4 -1 -3
right_child=1 5 -4 -5 -6 -7
leaf_value=1.7522445428566837 -3.0901241756620852 0.45272566632526678 -1.4086260114397322 -0.10719061749322073 -0.13322180411854728 -0.42810541107541022
leaf_weight=6.0000000000000053 1.9999999999999998 4 1.9999999999999989 15.999999999999998 6 1.9999999999999998
leaf_count=6 2 4 2 16 6 2
internal_value=-0.00892262 -0.682976 0.172497 0.290045 0.816202 0.15691
internal_weight=38 8 30 28 12 6
internal_count=38 8 30 28 12 6
is_linear=0
shrinkage=0.05


Tree=67
num_leaves=7
num_cat=0
split_feature=15 46 9 4 13 14
split_gain=1695.52 2681.33 3903.97 1694.85 6454.58 1510.67
threshold=1.0000000180025095e-35 1.0000000180025095e-35 0.27500000000000008 1.0000000180025095e-35 1.0000000180025095e-35 1.0000000180025095e-35
decision_type=2 2 2 2 2 2
left_child=1 2 5 4 -2 -1
right_child=3 -3 -4 -5 -6 -7
leaf_value=1.5848476114407379 -0.17436568908863237 -1.341548556373233 -0.32390410379624707 0.29954187970765883 -3.201295443943569 0.027723085312616247
leaf_weight=7.0000000000000053 11.000000000000002 1.9999999999999989 6.9999999999999991 6.9999999999999991 1.9999999999999989 1.9999999999999998
leaf_count=7 11 2 7 7 2 2
internal_value=-0.00886527 0.342191 0.559684 -0.324947 -0.66093 1.24293
internal_weight=38 18 16 20 13 9
internal_count=38 18 16 20 13 9
is_linear=0
shrinkage=0.05


Tree=68
num_leaves=7
num_cat=0
split_feature=49 6 46 43 14 9
split_gain=1700.19 5753.69 1874.44 2022.19 3708.1 389.387
threshold=1.0000000180025095e-35 1.0000000180025095e-35 1.0000000180025095e-35 1.0000000180025095e-35 1.0000000180025095e-35 0.27500000000000008
decision_type=2 2 2 2 2 2
left_child=2 -2 3 -1 -5 -3
right_child=1 5 -4 4 -6 -7
leaf_value=-0.096884569766358508 -2.9044886997767847 0.41602939512671488 -1.2776654561360676 1.6273552316134099 -0.12140747758208728 -0.42198333286103734
leaf_weight=16.000000000000007 1.9999999999999998 4 1.9999999999999989 5.9999999999999982 6 1.9999999999999998
leaf_count=16 2 4 2 6 6 2
internal_value=-0.00883277 -0.651836 0.164231 0.271404 0.759197 0.134353
internal_weight=38 8 30 28 12 6
internal_count=38 8 30 28 12 6
is_linear=0
shrinkage=0.05


Tree=69
num_leaves=7
num_cat=0
split_feature=49 6 46 43 14 9
split_gain=1541.63 5217.58 1699.26 1827.95 3352.33 352.76
threshold=1.0000000180025095e-35 1.0000000180025095e-35 1.0000000180025095e-35 1.0000000180025095e-35 1.0000000180025095e-35 0.27500000000000008
decision_type=2 2 2 2 2 2
left_child=2 -2 3 -1 -5 -3
right_child=1 5 -4 4 -6 -7
leaf_value=-0.092070427000152361 -2.7661795843215202 0.39573557783917679 -1.2168243044898626 1.5473198343495858 -0.11543662626235213 -0.40188888141087109
leaf_weight=16.000000000000007 1.9999999999999998 4 1.9999999999999989 5.9999999999999982 6 1.9999999999999998
leaf_count=16 2 4 2 6 6 2
internal_value=-0.00875604 -0.62104 0.156041 0.258084 0.721858 0.127631
internal_weight=38 8 30 28 12 6
internal_count=38 8 30 28 12 6
is_linear=0
shrinkage=0.05


Tree=70
num_leaves=7
num_cat=0
split_feature=15 46 9 49 14 9
split_gain=1451.49 2057.14 3242.33 1557.35 1217.45 374.165
threshold=1.0000000180025095e-35 1.0000000180025095e-35 0.27500000000000008 1.0000000180025095e-35 1.0000000180025095e-35 0.61250000000000016
decision_type=2 2 2 2 2 2
left_child=1 2 4 5 -1 -2
right_child=3 -3 -4 -5 -6 -7
leaf_value=1.4362002695110472 0.13956442824355114 -1.1588801429385229 -0.2986223126800967 -0.89665658205327858 0.037681193578810904 -0.58826684951782227
leaf_weight=7.0000000000000053 11.000000000000002 1.9999999999999989 6.9999999999999991 6.9999999999999991 1.9999999999999998 1.9999999999999989
leaf_count=7 11 2 7 7 2 2
internal_value=-0.00866591 0.316148 0.50658 -0.301117 1.12925 0.0239546
internal_weight=38 18 16 20 9 13
internal_count=38 18 16 20 9 13
is_linear=0
shrinkage=0.05


Tree=71
num_leaves=7
num_cat=0
split_feature=15 46 18 4 13 14
split_gain=1311.49 1863.92 2964.75 1556.1 5584.84 1328.72
threshold=1.0000000180025095e-35 1.0000000180025095e-35 1.0000000180025095e-35 1.0000000180025095e-35 1.0000000180025095e-35 1.0000000180025095e-35
decision_type=2 2 2 2 2 2
left_child=1 2 5 4 -2 -1
right_child=3 -3 -4 -5 -6 -7
leaf_value=1.5227922689719264 -0.15585876048148212 -1.103695279075986 -0.19881196927141262 0.31174758622344112 -2.9713984898158485 0.035886878059023887
leaf_weight=6.0000000000000053 11.000000000000002 1.9999999999999989 7.9999999999999991 6.9999999999999991 1.9999999999999989 1.9999999999999998
leaf_count=6 11 2 8 7 2 2
internal_value=-0.0084069 0.300346 0.481616 -0.286396 -0.608395 1.1561
internal_weight=38 18 16 20 13 8
internal_count=38 18 16 20 13 8
is_linear=0
shrinkage=0.05


Tree=72
num_leaves=7
num_cat=0
split_feature=49 6 46 43 14 9
split_gain=1271.7 4757.23 1281.98 1405.15 2669.21 319.845
threshold=1.0000000180025095e-35 1.0000000180025095e-35 1.0000000180025095e-35 1.0000000180025095e-35 1.0000000180025095e-35 0.27500000000000008
decision_type=2 2 2 2 2 2
left_child=2 -2 3 -1 -5 -3
right_child=1 5 -4 4 -6 -7
leaf_value=-0.077051201129551966 -2.612812450953891 0.40496342356612036 -1.0511385599772136 1.3731642551109442 -0.11043119625967056 -0.35489851520175009
leaf_weight=16.000000000000007 1.9999999999999998 4 1.9999999999999989 5.9999999999999982 6 1.9999999999999998
leaf_count=16 2 4 2 6 6 2
internal_value=-0.00832248 -0.564425 0.141354 0.22997 0.636584 0.15001
internal_weight=38 8 30 28 12 6
internal_count=38 8 30 28 12 6
is_linear=0
shrinkage=0.05


Tree=73
num_leaves=7
num_cat=0
split_feature=15 46 9 49 14 9
split_gain=1156.98 1555.79 2575.92 1393.69 946.774 344.084
threshold=1.0000000180025095e-35 1.0000000180025095e-35 0.27500000000000008 1.0000000180025095e-35 1.0000000180025095e-35 0.61250000000000016
decision_type=2 2 2 2 2 2
left_child=1 2 4 5 -1 -2
right_child=3 -3 -4 -5 -6 -7
leaf_value=1.2730512417538056 0.14883486966829038 -1.0010841006324405 -0.27030260420181385 -0.83271092931989221 0.039436590103876012 -0.54916315986996611
leaf_weight=7.0000000000000053 11.000000000000002 1.9999999999999989 6.9999999999999991 6.9999999999999991 1.9999999999999998 1.9999999999999989
leaf_count=7 11 2 7 7 2 2
internal_value=-0.00822487 0.281771 0.44735 -0.269325 1.00236 0.0380782
internal_weight=38 18 16 20 9 13
internal_count=38 18 16 20 9 13
is_linear=0
shrinkage=0.05


Tree=74
num_leaves=7
num_cat=0
split_feature=10 9 3 5 13 9
split_gain=1109.26 3796.48 2482.23 2358.24 437.038 196.983
threshold=1.0000000180025095e-35 0.27500000000000008 1.0000000180025095e-35 1.0000000180025095e-35 1.0000000180025095e-35 0.55000000000000016
decision_type=2 2 2 2 2 2
left_child=2 3 4 -2 -1 -3
right_child=1 5 -4 -5 -6 -7
leaf_value=-0.11052649333828782 2.2900107906710692 -0.0032772303937555671 -1.0208841243260343 0.083517755780901204 0.51753949184043735 -0.37134736971776999
leaf_weight=6.0000000000000018 3.0000000000000027 8.9999999999999982 6.9999999999999991 1.9999999999999998 5 5.9999999999999991
leaf_count=6 3 9 7 2 5 6
internal_value=-0.00797004 0.24773 -0.291881 1.42636 0.177049 -0.15199
internal_weight=38 20 18 5 11 15
internal_count=38 20 18 5 11 15
is_linear=0
shrinkage=0.05


Tree=75
num_leaves=7
num_cat=0
split_feature=49 6 46 43 14 9
split_gain=1114.39 4539.96 1123.49 1237.51 2359.75 263.341
threshold=1.0000000180025095e-35 1.0000000180025095e-35 1.0000000180025095e-35 1.0000000180025095e-35 1.0000000180025095e-35 0.27500000000000008
decision_type=2 2 2 2 2 2
left_child=2 -2 3 -1 -5 -3
right_child=1 5 -4 4 -6 -7
leaf_value=-0.072445268586555589 -2.5290946052187953 0.40058322069121566 -0.98363095238095244 1.2898363676227511 -0.10509076470234353 -0.28942604575838349
leaf_weight=16.000000000000007 1.9999999999999998 4 1.9999999999999989 5.9999999999999982 6 1.9999999999999998
leaf_count=16 2 4 2 6 6 2
internal_value=-0.00738971 -0.527963 0.132723 0.215679 0.597268 0.169606
internal_weight=38 8 30 28 12 6
internal_count=38 8 30 28 12 6
is_linear=0
shrinkage=0.05


Tree=76
num_leaves=7
num_cat=0
split_feature=10 9 18 3 13 9
split_gain=1113.81 3583.24 2335.79 2285.03 352.107 177.563
threshold=1.0000000180025095e-35 0.27500000000000008 0.27500000000000008 1.0000000180025095e-35 1.0000000180025095e-35 0.55000000000000016
decision_type=2 2 2 2 2 2
left_child=3 2 -2 4 -1 -3
right_child=1 5 -4 -5 -6 -7
leaf_value=-0.099922359966840874 0.48081461844905676 0.0016594879165455535 2.6754976000104622 -0.9912396283216881 0.46381522159950406 -0.34774298013233751
leaf_weight=6.0000000000000018 3.0000000000000027 8.9999999999999982 1.9999999999999998 6.9999999999999991 5 5.9999999999999991
leaf_count=6 3 9 2 7 5 6
internal_value=-0.00732102 0.248902 1.39394 -0.291816 0.158192 -0.139479
internal_weight=38 20 5 18 11 15
internal_count=38 20 5 18 11 15
is_linear=0
shrinkage=0.05


Tree=77
num_leaves=7
num_cat=0
split_feature=15 46 18 4 13 14
split_gain=1083.49 1479.17 2472.9 1338.74 4718.63 1054.14
threshold=1.0000000180025095e-35 1.0000000180025095e-35 1.0000000180025095e-35 1.0000000180025095e-35 1.0000000180025095e-35 1.0000000180025095e-35
decision_type=2 2 2 2 2 2
left_child=1 2 5 4 -2 -1
right_child=3 -3 -4 -5 -6 -7
leaf_value=1.3780512418903275 -0.1420714812235789 -0.97689256213960185 -0.18596641684847851 0.29539602910968621 -2.7300567626953125 0.052584375653948079
leaf_weight=6.0000000000000053 11.000000000000002 1.9999999999999989 7.9999999999999991 6.9999999999999991 1.9999999999999989 1.9999999999999998
leaf_count=6 11 2 8 7 2 2
internal_value=-0.00666833 0.273963 0.435417 -0.259343 -0.558024 1.05142
internal_weight=38 18 16 20 13 8
internal_count=38 18 16 20 13 8
is_linear=0
shrinkage=0.05


Tree=78
num_leaves=7
num_cat=0
split_feature=49 6 46 43 14 9
split_gain=1049.45 3890.88 1012.31 1135.95 2113.76 216.608
threshold=1.0000000180025095e-35 1.0000000180025095e-35 1.0000000180025095e-35 1.0000000180025095e-35 1.0000000180025095e-35 0.27500000000000008
decision_type=2 2 2 2 2 2
left_child=2 -2 3 -1 -5 -3
right_child=1 5 -4 4 -6 -7
leaf_value=-0.067991003301573066 -2.3643178031558074 0.34400791075171488 -0.9303741455078125 1.2291241004818778 -0.091212118258241742 -0.2814702476773942
leaf_weight=16.000000000000007 1.9999999999999998 4 1.9999999999999989 5.9999999999999982 6 1.9999999999999998
leaf_count=16 2 4 2 6 6 2
internal_value=-0.0066378 -0.511818 0.12933 0.208064 0.573658 0.134319
internal_weight=38 8 30 28 12 6
internal_count=38 8 30 28 12 6
is_linear=0
shrinkage=0.05


Tree=79
num_leaves=7
num_cat=0
split_feature=10 9 5 3 13 4
split_gain=1138.28 3366.71 2375.85 2228.29 296.595 160.577
threshold=1.0000000180025095e-35 0.27500000000000008 1.0000000180025095e-35 1.0000000180025095e-35 1.0000000180025095e-35 1.0000000180025095e-35
decision_type=2 2 2 2 2 2
left_child=3 2 -2 4 -1 -3
right_child=1 5 -4 -5 -6 -7
leaf_value=-0.086726270738195166 2.2291317139902396 -0.20569864272578689 0.017843178340366899 -0.98486800932548424 0.43071973090078314 0.19839896309760308
leaf_weight=6.0000000000000018 3.0000000000000027 11.999999999999998 1.9999999999999998 6.9999999999999991 5 2.9999999999999991
leaf_count=6 3 12 2 7 5 3
internal_value=-0.00658951 0.252431 1.36231 -0.294195 0.150238 -0.1241
internal_weight=38 20 5 18 11 15
internal_count=38 20 5 18 11 15
is_linear=0
shrinkage=0.05


end of trees

feature_importances:
Column_9=99
Column_46=71
Column_49=47
Column_12=44
Column_6=34
Column_15=32
Column_18=28
Column_43=22
Column_14=21
Column_4=14
Column_3=12
Column_5=12
Column_10=9
Column_22=9
Column_13=7
Column_30=7
Column_23=4
Column_7=3
Column_31=3
Column_38=1

parameters:
[boosting: gbdt]
[objective: regression]
[metric: l1]
[tree_learner: serial]
[device_type: cpu]
[data_sample_strategy: bagging]
[data: ]
[valid: ]
[num_iterations: 80]
[learning_rate: 0.05]
[num_leaves: 7]
[num_threads: 2]
[seed: 0]
[deterministic: 0]
[force_col_wise: 0]
[force_row_wise: 0]
[histogram_pool_size: -1]
[max_depth: -1]
[min_data_in_leaf: 2]
[min_sum_hessian_in_leaf: 0.001]
[bagging_fraction: 1]
[pos_bagging_fraction: 1]
[neg_bagging_fraction: 1]
[bagging_freq: 0]
[bagging_seed: 3]
[bagging_by_query: 0]
[feature_fraction: 1]
[feature_fraction_bynode: 1]
[feature_fraction_seed: 2]
[extra_trees: 0]
[extra_seed: 6]
[early_stopping_round: 0]
[early_stopping_min_delta: 0]
[first_metric_only: 0]
[max_delta_step: 0]
[lambda_l1: 0]
[lambda_l2: 0.1]
[linear_lambda: 0]
[min_gain_to_split: 0]
[drop_rate: 0.1]
[max_drop: 50]
[skip_drop: 0.5]
[xgboost_dart_mode: 0]
[uniform_drop: 0]
[drop_seed: 4]
[top_rate: 0.2]
[other_rate: 0.1]
[min_data_per_group: 100]
[max_cat_threshold: 32]
[cat_l2: 10]
[cat_smooth: 10]
[max_cat_to_onehot: 4]
[top_k: 20]
[monotone_constraints: ]
[monotone_constraints_method: basic]
[monotone_penalty: 0]
[feature_contri: ]
[forcedsplits_filename: ]
[refit_decay_rate: 0.9]
[cegb_tradeoff: 1]
[cegb_penalty_split: 0]
[cegb_penalty_feature_lazy: ]
[cegb_penalty_feature_coupled: ]
[path_smooth: 0]
[interaction_constraints: ]
[verbosity: -1]
[saved_feature_importance_type: 0]
[use_quantized_grad: 0]
[num_grad_quant_bins: 4]
[quant_train_renew_leaf: 0]
[stochastic_rounding: 1]
[linear_tree: 0]
[max_bin: 255]
[max_bin_by_feature: ]
[min_data_in_bin: 3]
[bin_construct_sample_cnt: 200000]
[data_random_seed: 1]
[is_enable_sparse: 1]
[enable_bundle: 1]
[use_missing: 1]
[zero_as_missing: 0]
[feature_pre_filter: 0]
[pre_partition: 0]
[two_round: 0]
[header: 0]
[label_column: ]
[weight_column: ]
[group_column: ]
[ignore_column: ]
[categorical_feature: ]
[forcedbins_filename: ]
[precise_float_parser: 0]
[parser_config_file: ]
[objective_seed: 5]
[num_class: 1]
[is_unbalance: 0]
[scale_pos_weight: 1]
[sigmoid: 1]
[boost_from_average: 1]
[reg_sqrt: 0]
[alpha: 0.9]
[fair_c: 1]
[poisson_max_delta_step: 0.7]
[tweedie_variance_power: 1.5]
[lambdarank_truncation_level: 30]
[lambdarank_norm: 1]
[label_gain: ]
[lambdarank_position_bias_regularization: 0]
[eval_at: ]
[multi_error_top_k: 1]
[auc_mu_weights: ]
[num_machines: 1]
[local_listen_port: 12400]
[time_out: 120]
[machine_list_filename: ]
[machines: ]
[gpu_platform_id: -1]
[gpu_device_id: -1]
[gpu_use_dp: 0]
[num_gpu: 1]

end of parameters

pandas_categorical:null
